SecondsPlayed,Minutes,PlusMinus,OffPoss,DefPoss,PenaltyOffPoss,PenaltyDefPoss,SecondChanceOffPoss,TotalPoss,AtRimFGM,AtRimFGA,SecondChanceAtRimFGM,SecondChanceAtRimFGA,PenaltyAtRimFGM,PenaltyAtRimFGA,ShortMidRangeFGM,ShortMidRangeFGA,LongMidRangeFGM,LongMidRangeFGA,Corner3FGM,Corner3FGA,SecondChanceCorner3FGM,SecondChanceCorner3FGA,PenaltyCorner3FGM,PenaltyCorner3FGA,Arc3FGM,Arc3FGA,SecondChanceArc3FGM,SecondChanceArc3FGA,PenaltyArc3FGM,PenaltyArc3FGA,FG2M,FG2A,FG3M,FG3A,FtPoints,Points,OpponentPoints,SecondChanceFG2M,SecondChanceFG2A,SecondChanceFG3M,SecondChanceFG3A,SecondChanceFtPoints,SecondChancePoints,PenaltyFG2M,PenaltyFG2A,PenaltyFG3M,PenaltyFG3A,PenaltyFtPoints,PenaltyPoints,PtsAssisted2s,PtsUnassisted2s,PtsAssisted3s,PtsUnassisted3s,PtsPutbacks,HeaveMakes,HeaveAttempts,NonHeaveArc3FGA,NonHeaveArc3FGM,Fg2aBlocked,TwoPtAssists,ThreePtAssists,Assists,Arc3Assists,Corner3Assists,AtRimAssists,ShortMidRangeAssists,LongMidRangeAssists,AssistPoints,OffThreePtRebounds,OffTwoPtRebounds,FTOffRebounds,DefThreePtRebounds,DefTwoPtRebounds,FTDefRebounds,DefRebounds,OffRebounds,Rebounds,SelfOReb,Steals,BadPassSteals,LostBallSteals,LiveBallTurnovers,BadPassOutOfBoundsTurnovers,BadPassTurnovers,DeadBallTurnovers,LostBallOutOfBoundsTurnovers,LostBallTurnovers,Travels,Turnovers,SecondChanceTurnovers,PenaltyTurnovers,ShootingFouls,Fouls,Clear Path Fouls,Loose Ball Fouls,Offensive Fouls,FTA,2pt And 1 Free Throw Trips,Technical Free Throw Trips,TwoPtShootingFoulsDrawn,ThreePtShootingFoulsDrawn,NonShootingFoulsDrawn,Blocked2s,Blocked3s,BlockedArc3,BlockedAtRim,BlockedCorner3,BlockedLongMidRange,BlockedShortMidRange,Blocks,RecoveredBlocks,DefensiveGoaltends,OffensiveGoaltends,3SecondViolations,Defensive 3 Seconds Violations,FirstChancePoints,PenaltyPointsExcludingTakeFouls,PenaltyOffPossExcludingTakeFouls,NonShootingPenaltyNonTakeFouls,Assisted2sPct,NonPutbacksAssisted2sPct,Assisted3sPct,Fg3Pct,SecondChanceFg3Pct,PenaltyFg3Pct,NonHeaveFg3Pct,Fg2Pct,SecondChanceFg2Pct,PenaltyFg2Pct,EfgPct,SecondChanceEfgPct,PenaltyEfgPct,TsPct,SecondChanceTsPct,PenaltyTsPct,FG3APct,FG2APctBlocked,AtRimPctBlocked,ShortMidRangePctBlocked,LongMidRangePctBlocked,LiveBallTurnoverPct,DefFTReboundPct,OffFTReboundPct,DefTwoPtReboundPct,OffTwoPtReboundPct,DefThreePtReboundPct,OffThreePtReboundPct,DefFGReboundPct,OffFGReboundPct,OffAtRimReboundPct,OffShortMidRangeReboundPct,OffLongMidRangeReboundPct,OffArc3ReboundPct,OffCorner3ReboundPct,DefAtRimReboundPct,DefShortMidRangeReboundPct,DefLongMidRangeReboundPct,DefArc3ReboundPct,DefCorner3ReboundPct,SelfORebPct,Pace,BlocksRecoveredPct,SecondsPerPossOff,SecondsPerPossDef,SecondsExcludingORebsPerPossOff,SecondsExcludingORebsPerPossDef,AtRimFrequency,AtRimAccuracy,UnblockedAtRimAccuracy,AtRimPctAssisted,ShortMidRangeFrequency,ShortMidRangeAccuracy,UnblockedShortMidRangeAccuracy,ShortMidRangePctAssisted,LongMidRangeFrequency,LongMidRangeAccuracy,UnblockedLongMidRangeAccuracy,LongMidRangePctAssisted,Corner3Frequency,Corner3Accuracy,UnblockedCorner3Accuracy,Corner3PctAssisted,Arc3Frequency,Arc3Accuracy,UnblockedArc3Accuracy,Arc3PctAssisted,SecondChanceAtRimFrequency,SecondChanceAtRimAccuracy,SecondChanceAtRimPctAssisted,SecondChanceCorner3Frequency,SecondChanceCorner3Accuracy,SecondChanceCorner3PctAssisted,SecondChanceArc3Frequency,SecondChanceArc3Accuracy,SecondChanceArc3PctAssisted,PenaltyAtRimFrequency,PenaltyAtRimAccuracy,PenaltyCorner3Frequency,PenaltyCorner3Accuracy,PenaltyArc3Frequency,PenaltyArc3Accuracy,AtRimFG3AFrequency,NonHeaveArc3Accuracy,ShotQualityAvg,SecondChanceShotQualityAvg,PenaltyShotQualityAvg,ShootingFoulsDrawnPct,TwoPtShootingFoulsDrawnPct,ThreePtShootingFoulsDrawnPct,SecondChancePointsPct,PenaltyPointsPct,Avg2ptShotDistance,Avg3ptShotDistance,PenaltyOffPossPct,player_on,Fg3aBlocked,3pt And 1 Free Throw Trips,FG3APctBlocked,Corner3PctBlocked,Arc3PctBlocked,player_id,team_id,year,season,player_vs,FoulsDrawn,Offensive Fouls Drawn,StepOutOfBoundsTurnovers,Loose Ball Fouls Drawn,NonShootingPenaltyNonTakeFoulsDrawn,BlockingFouls,Charge Fouls,Charge Fouls Drawn,BlockingFoulsDrawn,Transition Take Fouls,Transition Take Fouls Drawn
2597.0,43.0,14.0,93.0,92.0,37.0,56.0,7.0,185.0,21.0,26.0,3.0,4.0,8.0,9.0,8.0,19.0,9.0,12.0,,4.0,,1.0,,3.0,4.0,12.0,,,3.0,6.0,38.0,57.0,4.0,16.0,24.0,112.0,98.0,4.0,5.0,,1.0,1.0,9.0,9.0,15.0,3.0,9.0,16.0,43.0,38.0,38.0,12.0,,,,,12.0,4.0,1.0,19.0,4.0,23.0,4.0,,13.0,3.0,3.0,50.0,1.0,5.0,,15.0,22.0,,37.0,6.0,43.0,,5.0,3.0,2.0,9.0,,5.0,2.0,1.0,4.0,,11.0,,4.0,3.0,8.0,,,,33.0,,,9.0,1.0,6.0,9.0,1.0,1.0,6.0,,1.0,2.0,10.0,8.0,,,1.0,,103.0,43.0,37.0,1.0,0.5,0.5,1.0,0.25,,0.3333333333333333,0.25,0.6666666666666666,0.8,0.6,0.6027397260273972,0.6666666666666666,0.5625,0.6292134831460674,0.6428571428571429,0.6142857142857143,0.2191780821917808,0.0175438596491228,0.0384615384615384,,,0.8181818181818182,,,0.8148148148148148,0.2941176470588235,0.8823529411764706,0.0833333333333333,0.8409090909090909,0.2068965517241379,0.5,0.3,,0.125,,0.7857142857142857,0.75,1.0,0.9230769230769232,0.75,,102.5798998844821,0.8,14.236559139784946,13.83695652173913,13.655913978494624,13.467391304347826,0.3561643835616438,0.8076923076923077,0.84,0.6190476190476191,0.2602739726027397,0.4210526315789473,0.4210526315789473,0.375,0.1643835616438356,0.75,0.75,0.3333333333333333,0.0547945205479452,,,,0.1643835616438356,0.3333333333333333,0.3333333333333333,1.0,0.6666666666666666,0.75,0.6666666666666666,0.1666666666666666,,,,,,0.375,0.8888888888888888,0.125,,0.25,0.5,0.5753424657534246,0.3333333333333333,0.5100726027397261,0.52191,0.5266062499999999,0.1204819277108433,0.1363636363636363,0.0588235294117647,0.0803571428571428,0.3839285714285714,7.229824561403509,25.2,0.3978494623655914,True,,,,,,1629168,1610612737,2019,2018-19,True,24.0,1.0,,4.0,5.0,,,1.0,,,
235663.5,3928.0,480.0,8464.0,8455.0,2735.0,2557.0,961.0,16919.0,1546.0,2447.0,272.0,447.0,474.0,771.0,523.0,1180.0,388.0,913.0,272.0,701.0,21.0,56.0,75.0,197.0,737.0,2103.0,70.0,178.0,219.0,649.0,2457.0,4540.0,1009.0,2804.0,1735.0,9676.0,9196.0,352.0,621.0,91.0,234.0,209.0,1186.0,691.0,1334.0,294.0,846.0,794.0,3058.0,2670.0,2244.0,2532.0,495.0,408.0,,22.0,2081.0,737.0,398.0,1335.0,844.0,2179.0,584.0,260.0,912.0,238.0,185.0,5202.0,380.0,676.0,26.0,1495.0,1390.0,198.0,3083.0,1082.0,4165.0,117.0,805.0,552.0,253.0,666.0,133.0,446.0,557.0,70.0,220.0,85.0,1223.0,108.0,427.0,804.0,1809.0,3.0,96.0,125.0,2288.0,201.0,58.0,879.0,51.0,276.0,420.0,18.0,13.0,257.0,5.0,14.0,149.0,438.0,244.0,18.0,4.0,13.0,8.0,8490.0,3035.0,2718.0,179.0,0.5433455433455433,0.59254327563249,0.8364717542120912,0.3598430813124108,0.3888888888888889,0.3475177304964539,0.3626887131560029,0.5411894273127753,0.5668276972624798,0.5179910044977512,0.5406454248366013,0.571345029239766,0.5192660550458715,0.5772460117548279,0.6054247697031729,0.5726109857035365,0.3818082788671024,0.0876651982378854,0.1111565181855333,0.0940677966101695,0.0164293537787513,0.544562551103843,0.8608695652173913,0.0988593155893536,0.6584557081951682,0.3283147158814958,0.791005291005291,0.219526285384171,0.7210697325668582,0.2786279683377308,0.3815937149270482,0.3359013867488444,0.2273603082851637,0.2172915072685539,0.2264150943396226,0.6109510086455331,0.6569536423841059,0.819047619047619,0.7957295373665481,0.777319587628866,0.0346563981042654,103.3819832091096,0.5570776255707762,14.092875708884687,13.764801892371375,13.548924858223064,13.205724423418095,0.3331971677559913,0.631794033510421,0.7108045977011495,0.5899094437257438,0.1606753812636165,0.4432203389830508,0.4892422825070159,0.4550669216061185,0.1243191721132897,0.4249726177437021,0.4320712694877505,0.4768041237113402,0.0954520697167756,0.3880171184022825,0.3913669064748201,0.9558823529411764,0.2863562091503268,0.3504517356157869,0.3528003829583532,0.7924016282225237,0.5228070175438596,0.6085011185682326,0.1948529411764706,0.0654970760233918,0.375,0.9523809523809524,0.2081871345029239,0.3932584269662921,0.8,0.3536697247706422,0.6147859922178989,0.0903669724770642,0.3807106598984771,0.2977064220183486,0.337442218798151,0.7150054466230937,0.3541566554541086,0.5316501845018453,0.5277654742096507,0.5266375985164583,0.1153703014514328,0.1684553468761978,0.0179387970453746,0.1225713104588673,0.316039685820587,6.744889867841409,25.350998573466487,0.3231332703213611,False,20.0,12.0,0.007132667617689,0.0085592011412268,0.0066571564431764,1629168,1610612737,2019,2018-19,True,1907.0,107.0,23.0,107.0,239.0,,45.0,44.0,,,
363.0,6.0,2.0,13.0,12.0,1.0,2.0,3.0,25.0,5.0,5.0,2.0,2.0,,,1.0,4.0,,,1.0,1.0,,,,,,,,,,,6.0,9.0,1.0,1.0,1.0,16.0,14.0,2.0,2.0,,,,4.0,,,,,,,6.0,6.0,3.0,,4.0,,,,,,3.0,1.0,4.0,,1.0,2.0,1.0,,9.0,,3.0,,5.0,1.0,1.0,7.0,3.0,10.0,2.0,,,,2.0,,1.0,2.0,,1.0,,4.0,1.0,,2.0,3.0,,,1.0,2.0,,,1.0,,,,,,,,,,,,,,,,12.0,,1.0,,0.5,0.75,1.0,1.0,,,1.0,0.6666666666666666,1.0,,0.75,1.0,,0.7272727272727273,1.0,,0.1,,,,,0.5,1.0,,1.0,1.0,1.0,,1.0,1.0,,1.0,,,,1.0,,,1.0,,0.6666666666666666,99.17355371900828,,15.153846153846152,13.833333333333334,14.692307692307692,13.833333333333334,0.5,1.0,1.0,0.4,0.4,0.25,0.25,1.0,,,,,0.1,1.0,1.0,1.0,,,,,1.0,1.0,,,,,,,,,,,,,,0.6,,0.535935,0.6158,,0.0909090909090909,0.1,,0.25,,5.422222222222222,22.7,0.0769230769230769,True,,,,,,1629168,1610612758,2019,2018-19,True,1.0,,,,,,,,,,
236397.0,3940.0,90.0,8430.0,8436.0,2439.0,2387.0,986.0,16866.0,1629.0,2484.0,299.0,478.0,416.0,647.0,545.0,1335.0,299.0,765.0,231.0,655.0,20.0,59.0,78.0,194.0,754.0,2181.0,55.0,173.0,201.0,629.0,2473.0,4584.0,985.0,2836.0,1538.0,9439.0,9349.0,374.0,656.0,75.0,232.0,202.0,1175.0,609.0,1181.0,279.0,823.0,701.0,2756.0,2496.0,2450.0,2316.0,639.0,406.0,1.0,19.0,2161.0,753.0,347.0,1248.0,772.0,2020.0,555.0,217.0,888.0,221.0,139.0,4812.0,391.0,683.0,40.0,1179.0,1762.0,241.0,3182.0,1114.0,4296.0,137.0,618.0,392.0,226.0,677.0,155.0,448.0,622.0,80.0,229.0,74.0,1299.0,116.0,346.0,785.0,1750.0,,96.0,162.0,1996.0,199.0,43.0,799.0,51.0,221.0,406.0,14.0,11.0,244.0,3.0,15.0,147.0,420.0,257.0,16.0,8.0,19.0,11.0,8264.0,2724.0,2418.0,172.0,0.504650222401941,0.5497797356828193,0.783756345177665,0.3473201692524683,0.3232758620689655,0.339003645200486,0.349307774227902,0.5394851657940664,0.5701219512195121,0.5156646909398814,0.5324123989218329,0.5478603603603603,0.5127245508982036,0.5680280328661189,0.5857427716849452,0.567937033968517,0.382210242587601,0.0756980802792321,0.0780998389694041,0.1026217228464419,0.0209150326797385,0.5211701308698999,0.9377431906614786,0.1724137931034483,0.6945210878990934,0.3272640153330139,0.8025867937372362,0.2184357541899441,0.7341487768347479,0.2770183131287078,0.3603286384976525,0.3444302176696543,0.2356828193832599,0.2078774617067833,0.2529832935560859,0.6243032329988851,0.7110228401191658,0.7677725118483413,0.8001730103806228,0.8115015974440895,0.0389315146348394,102.7383596238531,0.611904761904762,14.534045077105576,13.498696064485538,13.931316725978649,12.980559506875297,0.3347708894878706,0.6557971014492754,0.711353711790393,0.5451197053406999,0.1799191374663072,0.4082397003745318,0.4549248747913189,0.4055045871559633,0.103099730458221,0.3908496732026144,0.3991989319092123,0.4648829431438127,0.0882749326145552,0.3526717557251908,0.3553846153846154,0.9393939393939394,0.2939353099730458,0.3457129756992205,0.3474654377880184,0.7360742705570292,0.5382882882882883,0.6255230125523012,0.2006688963210702,0.0664414414414414,0.3389830508474576,0.9,0.1948198198198198,0.3179190751445087,0.7818181818181819,0.3228542914171656,0.642967542503864,0.0968063872255489,0.4020618556701031,0.313872255489022,0.3195548489666137,0.7169811320754716,0.3484497917630726,0.5158788900905772,0.5219539325842698,0.5127829722921917,0.1055245189323401,0.1541280864197531,0.0177638453500522,0.1244835257972242,0.2919800826358724,6.353206806282723,25.352433004231347,0.2893238434163701,False,16.0,16.0,0.005641748942172,0.0076335877862595,0.005043558000917,1629168,1610612758,2019,2018-19,True,1748.0,81.0,30.0,94.0,184.0,,20.0,43.0,,,
4953.0,83.0,9.0,182.0,183.0,76.0,88.0,21.0,365.0,41.0,66.0,7.0,15.0,22.0,28.0,4.0,15.0,7.0,17.0,8.0,14.0,,1.0,2.0,3.0,12.0,41.0,,2.0,5.0,22.0,52.0,98.0,20.0,55.0,28.0,192.0,183.0,7.0,16.0,,3.0,4.0,18.0,25.0,41.0,7.0,25.0,11.0,82.0,46.0,58.0,60.0,,12.0,,,41.0,12.0,6.0,23.0,20.0,43.0,12.0,8.0,17.0,1.0,5.0,106.0,10.0,13.0,1.0,28.0,32.0,7.0,67.0,24.0,91.0,3.0,13.0,5.0,8.0,22.0,2.0,15.0,10.0,1.0,7.0,1.0,32.0,3.0,11.0,22.0,44.0,,1.0,3.0,41.0,4.0,1.0,19.0,,3.0,6.0,,,4.0,,,2.0,6.0,5.0,1.0,,,,174.0,82.0,76.0,6.0,0.4423076923076923,0.5,1.0,0.3636363636363636,,0.28,0.3636363636363636,0.5306122448979592,0.4375,0.6097560975609756,0.5359477124183006,0.3684210526315789,0.5378787878787878,0.5584795321637427,0.4285714285714285,0.5540540540540541,0.3594771241830065,0.0612244897959183,0.0454545454545454,0.2,,0.6875,1.0,0.1428571428571428,0.6530612244897959,0.2826086956521739,0.8235294117647058,0.303030303030303,0.7228915662650602,0.2911392405063291,0.32,0.2727272727272727,0.2,0.2962962962962963,0.3333333333333333,0.5,0.6666666666666666,0.7647058823529411,0.8,1.0,0.0416666666666666,106.1175045427014,0.8333333333333334,13.873626373626374,13.26775956284153,13.417582417582418,12.63934426229508,0.4313725490196078,0.6212121212121212,0.6507936507936508,0.4146341463414634,0.0980392156862745,0.2666666666666666,0.3333333333333333,0.25,0.1111111111111111,0.4117647058823529,0.4117647058823529,0.7142857142857143,0.0915032679738562,0.5714285714285714,0.5714285714285714,1.0,0.2679738562091503,0.2926829268292683,0.3,1.0,0.7894736842105263,0.4666666666666667,,0.0526315789473684,,,0.1052631578947368,,,0.4242424242424242,0.7857142857142857,0.0454545454545454,0.6666666666666666,0.3333333333333333,0.2272727272727272,0.7908496732026143,0.2926829268292683,0.5156911764705882,0.5550428571428572,0.4973704545454546,0.1130952380952381,0.168141592920354,,0.09375,0.4270833333333333,5.386734693877551,25.479999999999997,0.4175824175824176,True,1.0,,0.0181818181818181,,0.024390243902439,1629168,1610612753,2020,2019-20,True,37.0,4.0,,3.0,2.0,,1.0,3.0,,,
205887.0,3431.0,65.0,6995.0,6990.0,1413.0,1787.0,709.0,13985.0,1185.0,1836.0,190.0,318.0,218.0,342.0,510.0,1266.0,309.0,690.0,205.0,500.0,22.0,52.0,39.0,99.0,668.0,1898.0,48.0,145.0,133.0,409.0,2004.0,3792.0,873.0,2398.0,1086.0,7713.0,7648.0,250.0,462.0,70.0,197.0,89.0,799.0,330.0,664.0,172.0,508.0,371.0,1547.0,2048.0,1960.0,2211.0,408.0,284.0,,10.0,1888.0,668.0,370.0,1024.0,737.0,1761.0,543.0,194.0,666.0,224.0,134.0,4259.0,292.0,494.0,14.0,1181.0,1358.0,168.0,2707.0,800.0,3507.0,91.0,498.0,304.0,194.0,577.0,116.0,411.0,456.0,38.0,166.0,99.0,1033.0,79.0,199.0,692.0,1376.0,2.0,75.0,71.0,1404.0,153.0,35.0,560.0,46.0,147.0,300.0,32.0,27.0,169.0,5.0,20.0,111.0,332.0,204.0,15.0,6.0,5.0,14.0,6914.0,1504.0,1385.0,112.0,0.5109780439121756,0.5499462943071965,0.8442153493699885,0.3640533778148457,0.3553299492385787,0.3385826771653543,0.3655778894472362,0.5284810126582279,0.5411255411255411,0.4969879518072289,0.5352988691437803,0.5386949924127465,0.5017064846416383,0.5671487603305785,0.5565642458100558,0.5543556515478761,0.3873990306946688,0.0975738396624472,0.1083877995642701,0.1192733017377567,0.0289855072463768,0.558567279767667,0.9281767955801103,0.0921052631578947,0.6855123674911661,0.2798866855524079,0.8235704323570432,0.1974306964164976,0.743484626647145,0.2422934648581997,0.3250773993808049,0.2986666666666667,0.1626016260162601,0.1912384161752316,0.2226027397260274,0.5626822157434402,0.710594315245478,0.8099808061420346,0.8273322422258592,0.8018867924528302,0.0317848410757946,97.81287793789798,0.6144578313253012,14.45675482487491,14.987410586552215,13.936526090064332,14.49027181688126,0.2966074313408723,0.6454248366013072,0.723885155772755,0.5620253164556962,0.2045234248788368,0.4028436018957346,0.4573991031390134,0.4392156862745098,0.1114701130856219,0.4478260869565217,0.4611940298507462,0.4336569579288026,0.0807754442649434,0.41,0.4124748490945674,0.946341463414634,0.3066235864297253,0.3519494204425711,0.3549415515409139,0.812874251497006,0.4825493171471927,0.5974842767295597,0.1947368421052631,0.0789074355083459,0.4230769230769231,0.8181818181818182,0.220030349013657,0.3310344827586207,0.875,0.2918088737201365,0.6374269005847953,0.0844709897610921,0.3939393939393939,0.348976109215017,0.3251833740831296,0.6840064620355412,0.3538135593220339,0.5129314736842108,0.5281706593406591,0.506931276962899,0.0914165032433247,0.1333650869254584,0.0189300411522633,0.1035913392972903,0.200570465447945,6.955643459915608,25.7024186822352,0.2020014295925661,False,19.0,14.0,0.0079232693911593,0.006,0.0084299262381454,1629168,1610612753,2020,2019-20,True,1298.0,92.0,33.0,58.0,106.0,,33.0,42.0,,,
3875.0,65.0,12.0,127.0,127.0,35.0,14.0,20.0,254.0,18.0,39.0,7.0,16.0,3.0,6.0,9.0,24.0,3.0,12.0,3.0,9.0,,1.0,2.0,2.0,19.0,39.0,1.0,4.0,7.0,12.0,30.0,75.0,22.0,48.0,22.0,148.0,136.0,8.0,20.0,1.0,5.0,2.0,21.0,5.0,12.0,9.0,14.0,12.0,49.0,28.0,32.0,57.0,9.0,14.0,,,39.0,19.0,6.0,14.0,19.0,33.0,16.0,3.0,8.0,4.0,2.0,85.0,12.0,14.0,1.0,18.0,28.0,1.0,47.0,27.0,74.0,4.0,8.0,6.0,2.0,9.0,2.0,6.0,8.0,1.0,3.0,,17.0,1.0,6.0,9.0,20.0,,,1.0,31.0,,1.0,8.0,2.0,5.0,8.0,1.0,1.0,6.0,,,2.0,9.0,6.0,,,,,127.0,49.0,35.0,,0.4666666666666667,0.6086956521739131,0.8636363636363636,0.4583333333333333,0.2,0.6428571428571429,0.4583333333333333,0.4,0.4,0.4166666666666667,0.5121951219512195,0.38,0.7115384615384616,0.5364963503649635,0.4038461538461538,0.7205882352941176,0.3902439024390244,0.08,0.1025641025641025,0.0833333333333333,,0.5294117647058824,1.0,0.3333333333333333,0.7567567567567568,0.3255813953488372,0.75,0.4615384615384615,0.7540983606557377,0.3768115942028985,0.4,0.2857142857142857,0.2222222222222222,0.45,0.5,0.8181818181818182,0.7777777777777778,0.625,0.7777777777777778,0.6666666666666666,0.0634920634920634,94.38967741935484,0.6666666666666666,14.385826771653544,16.125984251968504,13.5748031496063,15.543307086614174,0.3170731707317073,0.4615384615384615,0.5142857142857142,0.4444444444444444,0.1951219512195122,0.375,0.4090909090909091,0.4444444444444444,0.0975609756097561,0.25,0.25,0.6666666666666666,0.073170731707317,0.3333333333333333,0.3333333333333333,1.0,0.3170731707317073,0.4871794871794871,0.4871794871794871,0.8421052631578947,0.64,0.4375,,0.04,,,0.16,0.25,1.0,0.2307692307692307,0.5,0.0769230769230769,1.0,0.4615384615384615,0.5833333333333334,0.7073170731707317,0.4871794871794871,0.5292455284552845,0.5656800000000001,0.52275,0.0757575757575757,0.0963855421686747,0.0408163265306122,0.1418918918918918,0.3310810810810811,6.217333333333333,25.279166666666672,0.2755905511811024,True,,1.0,,,,1629168,1610612753,2022,2021-22,True,25.0,1.0,,,5.0,,,2.0,,,
233485.0,3891.0,644.0,8014.0,8025.0,1917.0,1793.0,871.0,16039.0,1234.0,1906.0,221.0,376.0,280.0,440.0,645.0,1516.0,355.0,824.0,278.0,699.0,30.0,69.0,70.0,164.0,782.0,2232.0,80.0,202.0,162.0,496.0,2234.0,4246.0,1060.0,2931.0,1407.0,9055.0,8411.0,296.0,559.0,110.0,271.0,155.0,1077.0,477.0,917.0,232.0,660.0,533.0,2183.0,2268.0,2200.0,2601.0,579.0,348.0,,18.0,2214.0,782.0,347.0,1134.0,867.0,2001.0,600.0,267.0,703.0,294.0,137.0,4869.0,382.0,600.0,19.0,1607.0,1403.0,135.0,3145.0,1001.0,4146.0,144.0,647.0,419.0,228.0,546.0,127.0,366.0,516.0,69.0,180.0,58.0,1062.0,94.0,252.0,699.0,1481.0,3.0,97.0,109.0,1820.0,186.0,46.0,755.0,31.0,187.0,387.0,32.0,22.0,204.0,10.0,13.0,170.0,419.0,242.0,13.0,2.0,6.0,9.0,7978.0,2141.0,1889.0,101.0,0.5076096687555953,0.5504854368932038,0.8179245283018868,0.3616513135448652,0.4059040590405904,0.3515151515151515,0.3638860281496738,0.5261422515308526,0.5295169946332737,0.520174482006543,0.5328131531280479,0.555421686746988,0.523145212428662,0.5668677727501257,0.5920617420066152,0.5745637228979376,0.4083879058102271,0.0817239755063589,0.0891920251836306,0.1048812664907651,0.0218446601941747,0.5141242937853108,0.906040268456376,0.0931372549019607,0.6962779156327543,0.300450676014021,0.8356734269370775,0.2108167770419426,0.7643473844591163,0.2578104489367288,0.3353204172876304,0.3287037037037037,0.1969696969696969,0.1982758620689655,0.2523809523809524,0.6311475409836066,0.6994413407821229,0.8118556701030928,0.8302631578947368,0.8560794044665012,0.0417270356418429,98.91924534766687,0.5775656324582339,14.568005989518342,14.546666666666669,14.002495632642876,14.040747663551402,0.2655705726626724,0.6474291710388248,0.7108294930875576,0.5696920583468396,0.2112303190748223,0.4254617414248021,0.475313190862196,0.4558139534883721,0.1148112024522781,0.4308252427184466,0.4404466501240694,0.3859154929577464,0.0973944545074543,0.3977110157367668,0.4005763688760806,0.960431654676259,0.3109934513027727,0.3503584229390681,0.3517768780926675,0.7672634271099744,0.4530120481927711,0.5877659574468085,0.1493212669683258,0.0831325301204819,0.4347826086956521,0.9333333333333332,0.2433734939759036,0.396039603960396,0.825,0.279010779961953,0.6363636363636364,0.1039949270767279,0.4268292682926829,0.3145212428662016,0.3266129032258064,0.6739584784728996,0.3532068654019873,0.5152812657342654,0.5402538732394365,0.5079938422065424,0.101171321920453,0.1568016614745586,0.0104942450914014,0.1189398122584207,0.2410822749861954,7.2426048045219,25.734015694302265,0.2392063888195657,False,14.0,8.0,0.004776526782668,0.0071530758226037,0.0040322580645161,1629168,1610612753,2022,2021-22,True,1586.0,100.0,36.0,101.0,142.0,,42.0,33.0,,,
3875.0,65.0,12.0,127.0,127.0,35.0,14.0,20.0,254.0,18.0,39.0,7.0,16.0,3.0,6.0,9.0,24.0,3.0,12.0,3.0,9.0,,1.0,2.0,2.0,19.0,39.0,1.0,4.0,7.0,12.0,30.0,75.0,22.0,48.0,22.0,148.0,136.0,8.0,20.0,1.0,5.0,2.0,21.0,5.0,12.0,9.0,14.0,12.0,49.0,28.0,32.0,57.0,9.0,14.0,,,39.0,19.0,6.0,14.0,19.0,33.0,16.0,3.0,8.0,4.0,2.0,85.0,12.0,14.0,1.0,18.0,28.0,1.0,47.0,27.0,74.0,4.0,8.0,6.0,2.0,9.0,2.0,6.0,8.0,1.0,3.0,,17.0,1.0,6.0,9.0,20.0,,,1.0,31.0,,1.0,8.0,2.0,5.0,8.0,1.0,1.0,6.0,,,2.0,9.0,6.0,,,,,127.0,49.0,35.0,,0.4666666666666667,0.6086956521739131,0.8636363636363636,0.4583333333333333,0.2,0.6428571428571429,0.4583333333333333,0.4,0.4,0.4166666666666667,0.5121951219512195,0.38,0.7115384615384616,0.5364963503649635,0.4038461538461538,0.7205882352941176,0.3902439024390244,0.08,0.1025641025641025,0.0833333333333333,,0.5294117647058824,1.0,0.3333333333333333,0.7567567567567568,0.3255813953488372,0.75,0.4615384615384615,0.7540983606557377,0.3768115942028985,0.4,0.2857142857142857,0.2222222222222222,0.45,0.5,0.8181818181818182,0.7777777777777778,0.625,0.7777777777777778,0.6666666666666666,0.0634920634920634,94.38967741935484,0.6666666666666666,14.385826771653544,16.125984251968504,13.5748031496063,15.543307086614174,0.3170731707317073,0.4615384615384615,0.5142857142857142,0.4444444444444444,0.1951219512195122,0.375,0.4090909090909091,0.4444444444444444,0.0975609756097561,0.25,0.25,0.6666666666666666,0.073170731707317,0.3333333333333333,0.3333333333333333,1.0,0.3170731707317073,0.4871794871794871,0.4871794871794871,0.8421052631578947,0.64,0.4375,,0.04,,,0.16,0.25,1.0,0.2307692307692307,0.5,0.0769230769230769,1.0,0.4615384615384615,0.5833333333333334,0.7073170731707317,0.4871794871794871,0.5292455284552845,0.5656800000000001,0.52275,0.0757575757575757,0.0963855421686747,0.0408163265306122,0.1418918918918918,0.3310810810810811,6.217333333333333,25.279166666666672,0.2755905511811024,True,,1.0,,,,1629168,1610612753,2022,2021-22,True,25.0,1.0,,,5.0,,,2.0,,,
233485.0,3891.0,644.0,8014.0,8025.0,1917.0,1793.0,871.0,16039.0,1234.0,1906.0,221.0,376.0,280.0,440.0,645.0,1516.0,355.0,824.0,278.0,699.0,30.0,69.0,70.0,164.0,782.0,2232.0,80.0,202.0,162.0,496.0,2234.0,4246.0,1060.0,2931.0,1407.0,9055.0,8411.0,296.0,559.0,110.0,271.0,155.0,1077.0,477.0,917.0,232.0,660.0,533.0,2183.0,2268.0,2200.0,2601.0,579.0,348.0,,18.0,2214.0,782.0,347.0,1134.0,867.0,2001.0,600.0,267.0,703.0,294.0,137.0,4869.0,382.0,600.0,19.0,1607.0,1403.0,135.0,3145.0,1001.0,4146.0,144.0,647.0,419.0,228.0,546.0,127.0,366.0,516.0,69.0,180.0,58.0,1062.0,94.0,252.0,699.0,1481.0,3.0,97.0,109.0,1820.0,186.0,46.0,755.0,31.0,187.0,387.0,32.0,22.0,204.0,10.0,13.0,170.0,419.0,242.0,13.0,2.0,6.0,9.0,7978.0,2141.0,1889.0,101.0,0.5076096687555953,0.5504854368932038,0.8179245283018868,0.3616513135448652,0.4059040590405904,0.3515151515151515,0.3638860281496738,0.5261422515308526,0.5295169946332737,0.520174482006543,0.5328131531280479,0.555421686746988,0.523145212428662,0.5668677727501257,0.5920617420066152,0.5745637228979376,0.4083879058102271,0.0817239755063589,0.0891920251836306,0.1048812664907651,0.0218446601941747,0.5141242937853108,0.906040268456376,0.0931372549019607,0.6962779156327543,0.300450676014021,0.8356734269370775,0.2108167770419426,0.7643473844591163,0.2578104489367288,0.3353204172876304,0.3287037037037037,0.1969696969696969,0.1982758620689655,0.2523809523809524,0.6311475409836066,0.6994413407821229,0.8118556701030928,0.8302631578947368,0.8560794044665012,0.0417270356418429,98.91924534766687,0.5775656324582339,14.568005989518342,14.546666666666669,14.002495632642876,14.040747663551402,0.2655705726626724,0.6474291710388248,0.7108294930875576,0.5696920583468396,0.2112303190748223,0.4254617414248021,0.475313190862196,0.4558139534883721,0.1148112024522781,0.4308252427184466,0.4404466501240694,0.3859154929577464,0.0973944545074543,0.3977110157367668,0.4005763688760806,0.960431654676259,0.3109934513027727,0.3503584229390681,0.3517768780926675,0.7672634271099744,0.4530120481927711,0.5877659574468085,0.1493212669683258,0.0831325301204819,0.4347826086956521,0.9333333333333332,0.2433734939759036,0.396039603960396,0.825,0.279010779961953,0.6363636363636364,0.1039949270767279,0.4268292682926829,0.3145212428662016,0.3266129032258064,0.6739584784728996,0.3532068654019873,0.5152812657342654,0.5402538732394365,0.5079938422065424,0.101171321920453,0.1568016614745586,0.0104942450914014,0.1189398122584207,0.2410822749861954,7.2426048045219,25.734015694302265,0.2392063888195657,False,14.0,8.0,0.004776526782668,0.0071530758226037,0.0040322580645161,1629168,1610612753,2022,2021-22,True,1586.0,100.0,36.0,101.0,142.0,,42.0,33.0,,,
3875.0,65.0,12.0,127.0,127.0,35.0,14.0,20.0,254.0,18.0,39.0,7.0,16.0,3.0,6.0,9.0,24.0,3.0,12.0,3.0,9.0,,1.0,2.0,2.0,19.0,39.0,1.0,4.0,7.0,12.0,30.0,75.0,22.0,48.0,22.0,148.0,136.0,8.0,20.0,1.0,5.0,2.0,21.0,5.0,12.0,9.0,14.0,12.0,49.0,28.0,32.0,57.0,9.0,14.0,,,39.0,19.0,6.0,14.0,19.0,33.0,16.0,3.0,8.0,4.0,2.0,85.0,12.0,14.0,1.0,18.0,28.0,1.0,47.0,27.0,74.0,4.0,8.0,6.0,2.0,9.0,2.0,6.0,8.0,1.0,3.0,,17.0,1.0,6.0,9.0,20.0,,,1.0,31.0,,1.0,8.0,2.0,5.0,8.0,1.0,1.0,6.0,,,2.0,9.0,6.0,,,,,127.0,49.0,35.0,,0.4666666666666667,0.6086956521739131,0.8636363636363636,0.4583333333333333,0.2,0.6428571428571429,0.4583333333333333,0.4,0.4,0.4166666666666667,0.5121951219512195,0.38,0.7115384615384616,0.5364963503649635,0.4038461538461538,0.7205882352941176,0.3902439024390244,0.08,0.1025641025641025,0.0833333333333333,,0.5294117647058824,1.0,0.3333333333333333,0.7567567567567568,0.3255813953488372,0.75,0.4615384615384615,0.7540983606557377,0.3768115942028985,0.4,0.2857142857142857,0.2222222222222222,0.45,0.5,0.8181818181818182,0.7777777777777778,0.625,0.7777777777777778,0.6666666666666666,0.0634920634920634,94.38967741935484,0.6666666666666666,14.385826771653544,16.125984251968504,13.5748031496063,15.543307086614174,0.3170731707317073,0.4615384615384615,0.5142857142857142,0.4444444444444444,0.1951219512195122,0.375,0.4090909090909091,0.4444444444444444,0.0975609756097561,0.25,0.25,0.6666666666666666,0.073170731707317,0.3333333333333333,0.3333333333333333,1.0,0.3170731707317073,0.4871794871794871,0.4871794871794871,0.8421052631578947,0.64,0.4375,,0.04,,,0.16,0.25,1.0,0.2307692307692307,0.5,0.0769230769230769,1.0,0.4615384615384615,0.5833333333333334,0.7073170731707317,0.4871794871794871,0.5292455284552845,0.5656800000000001,0.52275,0.0757575757575757,0.0963855421686747,0.0408163265306122,0.1418918918918918,0.3310810810810811,6.217333333333333,25.279166666666672,0.2755905511811024,True,,1.0,,,,1629168,1610612753,2022,2021-22,True,25.0,1.0,,,5.0,,,2.0,,,
233485.0,3891.0,644.0,8014.0,8025.0,1917.0,1793.0,871.0,16039.0,1234.0,1906.0,221.0,376.0,280.0,440.0,645.0,1516.0,355.0,824.0,278.0,699.0,30.0,69.0,70.0,164.0,782.0,2232.0,80.0,202.0,162.0,496.0,2234.0,4246.0,1060.0,2931.0,1407.0,9055.0,8411.0,296.0,559.0,110.0,271.0,155.0,1077.0,477.0,917.0,232.0,660.0,533.0,2183.0,2268.0,2200.0,2601.0,579.0,348.0,,18.0,2214.0,782.0,347.0,1134.0,867.0,2001.0,600.0,267.0,703.0,294.0,137.0,4869.0,382.0,600.0,19.0,1607.0,1403.0,135.0,3145.0,1001.0,4146.0,144.0,647.0,419.0,228.0,546.0,127.0,366.0,516.0,69.0,180.0,58.0,1062.0,94.0,252.0,699.0,1481.0,3.0,97.0,109.0,1820.0,186.0,46.0,755.0,31.0,187.0,387.0,32.0,22.0,204.0,10.0,13.0,170.0,419.0,242.0,13.0,2.0,6.0,9.0,7978.0,2141.0,1889.0,101.0,0.5076096687555953,0.5504854368932038,0.8179245283018868,0.3616513135448652,0.4059040590405904,0.3515151515151515,0.3638860281496738,0.5261422515308526,0.5295169946332737,0.520174482006543,0.5328131531280479,0.555421686746988,0.523145212428662,0.5668677727501257,0.5920617420066152,0.5745637228979376,0.4083879058102271,0.0817239755063589,0.0891920251836306,0.1048812664907651,0.0218446601941747,0.5141242937853108,0.906040268456376,0.0931372549019607,0.6962779156327543,0.300450676014021,0.8356734269370775,0.2108167770419426,0.7643473844591163,0.2578104489367288,0.3353204172876304,0.3287037037037037,0.1969696969696969,0.1982758620689655,0.2523809523809524,0.6311475409836066,0.6994413407821229,0.8118556701030928,0.8302631578947368,0.8560794044665012,0.0417270356418429,98.91924534766687,0.5775656324582339,14.568005989518342,14.546666666666669,14.002495632642876,14.040747663551402,0.2655705726626724,0.6474291710388248,0.7108294930875576,0.5696920583468396,0.2112303190748223,0.4254617414248021,0.475313190862196,0.4558139534883721,0.1148112024522781,0.4308252427184466,0.4404466501240694,0.3859154929577464,0.0973944545074543,0.3977110157367668,0.4005763688760806,0.960431654676259,0.3109934513027727,0.3503584229390681,0.3517768780926675,0.7672634271099744,0.4530120481927711,0.5877659574468085,0.1493212669683258,0.0831325301204819,0.4347826086956521,0.9333333333333332,0.2433734939759036,0.396039603960396,0.825,0.279010779961953,0.6363636363636364,0.1039949270767279,0.4268292682926829,0.3145212428662016,0.3266129032258064,0.6739584784728996,0.3532068654019873,0.5152812657342654,0.5402538732394365,0.5079938422065424,0.101171321920453,0.1568016614745586,0.0104942450914014,0.1189398122584207,0.2410822749861954,7.2426048045219,25.734015694302265,0.2392063888195657,False,14.0,8.0,0.004776526782668,0.0071530758226037,0.0040322580645161,1629168,1610612753,2022,2021-22,True,1586.0,100.0,36.0,101.0,142.0,,42.0,33.0,,,
