SecondsPlayed,Minutes,PlusMinus,OffPoss,DefPoss,PenaltyOffPoss,PenaltyDefPoss,SecondChanceOffPoss,TotalPoss,AtRimFGM,AtRimFGA,SecondChanceAtRimFGM,SecondChanceAtRimFGA,PenaltyAtRimFGM,PenaltyAtRimFGA,ShortMidRangeFGM,ShortMidRangeFGA,LongMidRangeFGM,LongMidRangeFGA,Corner3FGM,Corner3FGA,SecondChanceCorner3FGM,SecondChanceCorner3FGA,PenaltyCorner3FGM,PenaltyCorner3FGA,Arc3FGM,Arc3FGA,SecondChanceArc3FGM,SecondChanceArc3FGA,PenaltyArc3FGM,PenaltyArc3FGA,FG2M,FG2A,FG3M,FG3A,FtPoints,Points,OpponentPoints,SecondChanceFG2M,SecondChanceFG2A,SecondChanceFG3M,SecondChanceFG3A,SecondChanceFtPoints,SecondChancePoints,PenaltyFG2M,PenaltyFG2A,PenaltyFG3M,PenaltyFG3A,PenaltyFtPoints,PenaltyPoints,PtsAssisted2s,PtsUnassisted2s,PtsAssisted3s,PtsUnassisted3s,PtsPutbacks,HeaveMakes,HeaveAttempts,NonHeaveArc3FGA,NonHeaveArc3FGM,Fg2aBlocked,TwoPtAssists,ThreePtAssists,Assists,Arc3Assists,Corner3Assists,AtRimAssists,ShortMidRangeAssists,LongMidRangeAssists,AssistPoints,OffThreePtRebounds,OffTwoPtRebounds,FTOffRebounds,DefThreePtRebounds,DefTwoPtRebounds,FTDefRebounds,DefRebounds,OffRebounds,Rebounds,SelfOReb,Steals,BadPassSteals,LostBallSteals,LiveBallTurnovers,BadPassOutOfBoundsTurnovers,BadPassTurnovers,DeadBallTurnovers,LostBallOutOfBoundsTurnovers,LostBallTurnovers,Travels,Turnovers,SecondChanceTurnovers,PenaltyTurnovers,ShootingFouls,Fouls,Clear Path Fouls,Loose Ball Fouls,Offensive Fouls,FTA,2pt And 1 Free Throw Trips,Technical Free Throw Trips,TwoPtShootingFoulsDrawn,ThreePtShootingFoulsDrawn,NonShootingFoulsDrawn,Blocked2s,Blocked3s,BlockedArc3,BlockedAtRim,BlockedCorner3,BlockedLongMidRange,BlockedShortMidRange,Blocks,RecoveredBlocks,DefensiveGoaltends,OffensiveGoaltends,3SecondViolations,Defensive 3 Seconds Violations,FirstChancePoints,PenaltyPointsExcludingTakeFouls,PenaltyOffPossExcludingTakeFouls,NonShootingPenaltyNonTakeFouls,Assisted2sPct,NonPutbacksAssisted2sPct,Assisted3sPct,Fg3Pct,SecondChanceFg3Pct,PenaltyFg3Pct,NonHeaveFg3Pct,Fg2Pct,SecondChanceFg2Pct,PenaltyFg2Pct,EfgPct,SecondChanceEfgPct,PenaltyEfgPct,TsPct,SecondChanceTsPct,PenaltyTsPct,FG3APct,FG2APctBlocked,AtRimPctBlocked,ShortMidRangePctBlocked,LongMidRangePctBlocked,LiveBallTurnoverPct,DefFTReboundPct,OffFTReboundPct,DefTwoPtReboundPct,OffTwoPtReboundPct,DefThreePtReboundPct,OffThreePtReboundPct,DefFGReboundPct,OffFGReboundPct,OffAtRimReboundPct,OffShortMidRangeReboundPct,OffLongMidRangeReboundPct,OffArc3ReboundPct,OffCorner3ReboundPct,DefAtRimReboundPct,DefShortMidRangeReboundPct,DefLongMidRangeReboundPct,DefArc3ReboundPct,DefCorner3ReboundPct,SelfORebPct,Pace,BlocksRecoveredPct,SecondsPerPossOff,SecondsPerPossDef,SecondsExcludingORebsPerPossOff,SecondsExcludingORebsPerPossDef,AtRimFrequency,AtRimAccuracy,UnblockedAtRimAccuracy,AtRimPctAssisted,ShortMidRangeFrequency,ShortMidRangeAccuracy,UnblockedShortMidRangeAccuracy,ShortMidRangePctAssisted,LongMidRangeFrequency,LongMidRangeAccuracy,UnblockedLongMidRangeAccuracy,LongMidRangePctAssisted,Corner3Frequency,Corner3Accuracy,UnblockedCorner3Accuracy,Corner3PctAssisted,Arc3Frequency,Arc3Accuracy,UnblockedArc3Accuracy,Arc3PctAssisted,SecondChanceAtRimFrequency,SecondChanceAtRimAccuracy,SecondChanceAtRimPctAssisted,SecondChanceCorner3Frequency,SecondChanceCorner3Accuracy,SecondChanceCorner3PctAssisted,SecondChanceArc3Frequency,SecondChanceArc3Accuracy,SecondChanceArc3PctAssisted,PenaltyAtRimFrequency,PenaltyAtRimAccuracy,PenaltyCorner3Frequency,PenaltyCorner3Accuracy,PenaltyArc3Frequency,PenaltyArc3Accuracy,AtRimFG3AFrequency,NonHeaveArc3Accuracy,ShotQualityAvg,SecondChanceShotQualityAvg,PenaltyShotQualityAvg,ShootingFoulsDrawnPct,TwoPtShootingFoulsDrawnPct,ThreePtShootingFoulsDrawnPct,SecondChancePointsPct,PenaltyPointsPct,Avg2ptShotDistance,Avg3ptShotDistance,PenaltyOffPossPct,player_on,Fg3aBlocked,3pt And 1 Free Throw Trips,FG3APctBlocked,Corner3PctBlocked,Arc3PctBlocked,player_id,team_id,year,season,player_vs,FoulsDrawn,Offensive Fouls Drawn,StepOutOfBoundsTurnovers,Loose Ball Fouls Drawn,NonShootingPenaltyNonTakeFoulsDrawn,BlockingFouls,Charge Fouls,Charge Fouls Drawn,BlockingFoulsDrawn,Transition Take Fouls,Transition Take Fouls Drawn
108169.0,1803.0,179.0,3599.0,3577.0,1368.0,1028.0,439.0,7176.0,563.0,964.0,132.0,231.0,175.0,321.0,207.0,550.0,400.0,957.0,79.0,217.0,6.0,15.0,40.0,82.0,172.0,443.0,16.0,32.0,61.0,196.0,1170.0,2471.0,251.0,660.0,863.0,3956.0,3777.0,171.0,351.0,22.0,47.0,123.0,531.0,402.0,854.0,101.0,278.0,400.0,1507.0,1146.0,1194.0,639.0,114.0,198.0,1.0,18.0,424.0,171.0,212.0,573.0,213.0,786.0,138.0,75.0,267.0,71.0,235.0,1785.0,94.0,421.0,13.0,359.0,876.0,76.0,1311.0,528.0,1839.0,70.0,278.0,171.0,107.0,261.0,50.0,158.0,247.0,37.0,103.0,35.0,508.0,46.0,193.0,379.0,738.0,,29.0,63.0,1143.0,108.0,35.0,490.0,5.0,113.0,194.0,10.0,8.0,134.0,2.0,10.0,50.0,204.0,120.0,11.0,2.0,10.0,9.0,3425.0,1507.0,1368.0,66.0,0.4897435897435897,0.5350140056022409,0.848605577689243,0.3803030303030303,0.4680851063829787,0.3633093525179856,0.3894080996884735,0.4734925131525698,0.4871794871794871,0.4707259953161593,0.4939316512296391,0.5125628140703518,0.4889575971731448,0.5407825847340866,0.5513626834381551,0.5428467683369644,0.2107952730756946,0.0857952246054229,0.1390041493775933,0.1181818181818181,0.0135841170323928,0.5137795275590551,0.8735632183908046,0.0921985815602836,0.702485966319166,0.3294209702660406,0.7622080679405521,0.2533692722371967,0.7188591385331781,0.312310491206792,0.4354430379746835,0.3143712574850299,0.2622950819672131,0.2436974789915966,0.2706766917293233,0.611904761904762,0.6955223880597015,0.7845528455284553,0.7889182058047494,0.6521739130434783,0.048780487804878,95.5305124388688,0.5882352941176471,15.57960544595721,14.564719038300252,14.77604890247291,13.88118535085267,0.3078888534014691,0.5840248962655602,0.6783132530120481,0.4742451154529307,0.1756627275630788,0.3763636363636363,0.4268041237113402,0.3429951690821256,0.3056531459597573,0.4179728317659352,0.423728813559322,0.5875,0.0693069306930693,0.3640552995391705,0.3657407407407407,0.9493670886075948,0.1414883423826253,0.3882618510158013,0.3900226757369615,0.8023255813953488,0.5804020100502513,0.5714285714285714,0.1666666666666666,0.0376884422110552,0.4,1.0,0.0804020100502512,0.5,0.6875,0.2835689045936396,0.5451713395638629,0.0724381625441696,0.4878048780487805,0.1731448763250883,0.3112244897959184,0.5186841264771639,0.4033018867924528,0.4934385530546619,0.5166321005917158,0.4813173405211141,0.1407849829351536,0.1717490361023484,0.0075414781297134,0.13422649140546,0.3809403437815976,9.369324160259003,25.739393939393945,0.3801055848846902,True,3.0,2.0,0.0045454545454545,0.0046082949308755,0.0045146726862302,201575,1610612754,2009,2008-09,True,872.0,69.0,13.0,47.0,107.0,,,,,,
129791.0,2163.0,-88.0,4379.0,4376.0,1173.0,1002.0,469.0,8755.0,637.0,1051.0,111.0,204.0,167.0,266.0,284.0,659.0,481.0,1162.0,113.0,296.0,12.0,31.0,20.0,65.0,205.0,563.0,18.0,60.0,51.0,177.0,1402.0,2872.0,318.0,859.0,994.0,4752.0,4840.0,161.0,334.0,30.0,91.0,94.0,506.0,337.0,714.0,71.0,242.0,384.0,1271.0,1356.0,1448.0,801.0,153.0,160.0,,8.0,555.0,205.0,217.0,678.0,267.0,945.0,158.0,109.0,315.0,86.0,277.0,2157.0,138.0,390.0,13.0,414.0,1054.0,83.0,1551.0,541.0,2092.0,58.0,357.0,246.0,111.0,312.0,81.0,189.0,331.0,34.0,123.0,49.0,643.0,62.0,152.0,445.0,954.0,1.0,45.0,95.0,1288.0,112.0,49.0,539.0,9.0,125.0,235.0,5.0,2.0,163.0,3.0,15.0,57.0,240.0,143.0,24.0,3.0,12.0,10.0,4246.0,1271.0,1173.0,107.0,0.4835948644793152,0.5128593040847201,0.839622641509434,0.370197904540163,0.3296703296703296,0.2933884297520661,0.3736780258519389,0.4881615598885794,0.4820359281437126,0.4719887955182072,0.5036183328866256,0.4847058823529411,0.4639121338912134,0.5494172494172495,0.5174537987679672,0.5348936170212766,0.2302331814526936,0.0755571030640668,0.1474785918173168,0.0773899848254931,0.0094664371772805,0.4852255054432348,0.912087912087912,0.0935251798561151,0.6970899470899471,0.2689655172413793,0.7486437613019892,0.2664092664092664,0.7108958837772397,0.2682926829268293,0.375609756097561,0.3035230352303523,0.1847988077496274,0.2878338278931751,0.2265193370165746,0.5945945945945946,0.696969696969697,0.7859531772575251,0.7494456762749445,0.7450980392156863,0.033048433048433,97.13462412648026,0.5958333333333333,15.437542817994975,14.211608775137112,14.69787622744919,13.503656307129798,0.2816939158402573,0.6060894386298763,0.7109375,0.4945054945054945,0.1766282497989815,0.4309559939301973,0.4671052631578947,0.3028169014084507,0.3114446529080675,0.4139414802065404,0.417897480451781,0.5758835758835759,0.0793352988474939,0.3817567567567567,0.3843537414965986,0.9646017699115044,0.1508978826051996,0.3641207815275311,0.3641207815275311,0.7707317073170732,0.48,0.5441176470588235,0.1351351351351351,0.0729411764705882,0.3870967741935484,0.8333333333333334,0.1411764705882353,0.3,0.9444444444444444,0.2782426778242677,0.6278195488721805,0.0679916317991631,0.3076923076923077,0.1851464435146443,0.288135593220339,0.5119270972929509,0.3693693693693693,0.4941289593976879,0.5095591867469879,0.4769687434002113,0.1315726290516206,0.1633828432858441,0.010392609699769,0.1064814814814814,0.2674663299663299,9.856197771587745,25.10640279394647,0.2678693765699931,False,2.0,2.0,0.0023282887077997,0.0067567567567567,,201575,1610612754,2009,2008-09,True,1018.0,73.0,10.0,57.0,118.0,,,,,,
149456.0,2491.0,201.0,4994.0,4987.0,1541.0,1127.0,594.0,9981.0,804.0,1413.0,177.0,343.0,236.0,419.0,298.0,737.0,542.0,1352.0,96.0,239.0,7.0,22.0,26.0,64.0,217.0,596.0,27.0,57.0,69.0,222.0,1644.0,3502.0,313.0,835.0,1110.0,5337.0,5136.0,240.0,503.0,34.0,79.0,142.0,724.0,468.0,983.0,95.0,286.0,438.0,1659.0,1596.0,1692.0,810.0,129.0,286.0,,14.0,582.0,217.0,258.0,798.0,270.0,1068.0,177.0,93.0,370.0,105.0,323.0,2406.0,125.0,576.0,18.0,622.0,1214.0,123.0,1959.0,719.0,2678.0,101.0,399.0,255.0,144.0,371.0,92.0,191.0,366.0,39.0,180.0,55.0,737.0,49.0,200.0,538.0,980.0,1.0,50.0,93.0,1486.0,119.0,39.0,631.0,11.0,136.0,260.0,6.0,5.0,171.0,1.0,10.0,79.0,266.0,162.0,14.0,,13.0,14.0,4613.0,1659.0,1541.0,85.0,0.4854014598540146,0.5316455696202531,0.8626198083067093,0.3748502994011976,0.430379746835443,0.3321678321678322,0.3812423873325213,0.4694460308395203,0.4771371769383697,0.4760935910478128,0.4873184228729536,0.5,0.4810874704491725,0.5308246597277823,0.5396706586826348,0.5345830639948287,0.1925293982015218,0.0736721873215305,0.1252653927813163,0.1004070556309362,0.0051775147928994,0.5033921302578019,0.9111111111111112,0.1016949152542373,0.7452424800491099,0.3137254901960784,0.805699481865285,0.2561475409836065,0.7646813827571846,0.3016351118760757,0.4527363184079602,0.3225806451612903,0.2040050062578222,0.2341040462427745,0.3098591549295774,0.6763636363636364,0.7299107142857143,0.8161648177496038,0.8083067092651757,0.7945205479452054,0.0488394584139265,96.16636334439568,0.6090225563909775,15.35022026431718,14.597353118107078,14.60252302763316,13.986966111890917,0.3258012451002997,0.5690021231422505,0.6504854368932039,0.4601990049751244,0.169933133502421,0.4043419267299864,0.4494720965309201,0.3523489932885906,0.3117362231957574,0.400887573964497,0.4029739776951673,0.5959409594095941,0.0551072169702559,0.401673640167364,0.401673640167364,0.96875,0.1374221812312658,0.3640939597315436,0.3647058823529411,0.815668202764977,0.5893470790378007,0.5160349854227405,0.1468926553672316,0.0378006872852233,0.3181818181818182,1.0,0.0979381443298969,0.4736842105263157,0.9629629629629628,0.3301812450748621,0.5632458233890215,0.0504334121355398,0.40625,0.1749408983451536,0.3108108108108108,0.5183306433018215,0.3728522336769759,0.4992432128793146,0.5307042338709679,0.496363378594249,0.1320987654320987,0.1571998006975585,0.0130023640661938,0.1356567359940041,0.3108487914558741,9.351142204454597,25.570299401197605,0.3085702843412095,True,1.0,,0.0011976047904191,,0.0016778523489932,201575,1610612754,2010,2009-10,True,1145.0,76.0,17.0,70.0,125.0,,,,,,
87004.0,1450.0,46.0,2949.0,2954.0,1034.0,930.0,377.0,5903.0,460.0,777.0,99.0,195.0,152.0,270.0,182.0,459.0,317.0,732.0,59.0,138.0,10.0,16.0,28.0,52.0,138.0,432.0,7.0,33.0,54.0,169.0,959.0,1968.0,197.0,570.0,664.0,3173.0,3127.0,133.0,278.0,17.0,49.0,108.0,425.0,314.0,631.0,82.0,221.0,282.0,1156.0,908.0,1010.0,516.0,75.0,132.0,1.0,13.0,418.0,137.0,174.0,454.0,172.0,626.0,115.0,57.0,232.0,50.0,172.0,1424.0,101.0,322.0,16.0,315.0,636.0,94.0,1045.0,439.0,1484.0,53.0,255.0,158.0,97.0,214.0,53.0,112.0,276.0,22.0,102.0,38.0,490.0,49.0,169.0,364.0,729.0,1.0,48.0,92.0,860.0,79.0,22.0,351.0,7.0,100.0,142.0,6.0,6.0,101.0,,9.0,32.0,148.0,79.0,11.0,6.0,13.0,8.0,2748.0,1156.0,1034.0,75.0,0.4734098018769551,0.5083986562150056,0.8730964467005076,0.3456140350877193,0.3469387755102041,0.3710407239819004,0.3518850987432675,0.4872967479674797,0.4784172661870504,0.4976228209191759,0.4942868400315209,0.4847094801223242,0.5129107981220657,0.5406518010291596,0.5465116279069767,0.5616438356164384,0.2245862884160756,0.0884146341463414,0.1325611325611325,0.1328976034858388,0.0136612021857923,0.436734693877551,0.9494949494949496,0.1481481481481481,0.7066666666666667,0.3229689067201605,0.773955773955774,0.2927536231884058,0.7276205049732212,0.3152011922503726,0.4121405750798722,0.3823529411764705,0.2160194174757281,0.2862453531598513,0.3157894736842105,0.5780730897009967,0.7130434782608696,0.8075880758807588,0.7763975155279503,0.7647058823529411,0.0454155955441302,97.70033561675324,0.5337837837837838,15.335707019328586,14.14319566689235,14.616141064767715,13.50880162491537,0.3061465721040189,0.592020592020592,0.6824925816023739,0.5043478260869565,0.1808510638297872,0.3965141612200435,0.457286432160804,0.2747252747252747,0.2884160756501182,0.4330601092896174,0.4390581717451524,0.5425867507886435,0.0543735224586288,0.427536231884058,0.4338235294117647,0.9661016949152542,0.1702127659574468,0.3194444444444444,0.322429906542056,0.8333333333333334,0.5963302752293578,0.5076923076923077,0.1818181818181818,0.0489296636085626,0.625,0.9,0.1009174311926605,0.2121212121212121,0.8571428571428571,0.3169014084507042,0.562962962962963,0.0610328638497652,0.5384615384615384,0.1983568075117371,0.3195266272189349,0.5307328605200946,0.3277511961722488,0.4963928571428572,0.5330832061068704,0.4957050595238094,0.1271758436944937,0.1566964285714285,0.0121739130434782,0.133942641033722,0.3643239836117239,9.31356707317073,25.96280701754388,0.3506273312987453,False,6.0,2.0,0.0105263157894736,0.0144927536231884,0.0092592592592592,201575,1610612754,2010,2009-10,True,702.0,57.0,7.0,43.0,94.0,,,,,,
105230.0,1754.0,209.0,3438.0,3437.0,1229.0,963.0,413.0,6875.0,526.0,907.0,124.0,230.0,162.0,296.0,224.0,548.0,368.0,880.0,79.0,172.0,6.0,16.0,27.0,62.0,179.0,493.0,16.0,44.0,66.0,192.0,1118.0,2335.0,258.0,665.0,736.0,3746.0,3537.0,164.0,334.0,22.0,60.0,83.0,477.0,333.0,729.0,93.0,254.0,333.0,1278.0,1100.0,1136.0,663.0,111.0,176.0,1.0,10.0,482.0,178.0,203.0,550.0,221.0,771.0,144.0,77.0,265.0,78.0,207.0,1763.0,88.0,399.0,10.0,379.0,835.0,77.0,1291.0,497.0,1788.0,59.0,265.0,164.0,101.0,241.0,49.0,145.0,265.0,26.0,96.0,47.0,506.0,48.0,205.0,357.0,764.0,3.0,37.0,43.0,1001.0,90.0,22.0,413.0,11.0,108.0,192.0,11.0,5.0,118.0,6.0,11.0,63.0,203.0,127.0,7.0,2.0,7.0,19.0,3269.0,1260.0,1220.0,81.0,0.4919499105545617,0.5339805825242718,0.8565891472868217,0.3879699248120301,0.3666666666666666,0.3661417322834646,0.3923664122137404,0.4788008565310492,0.4910179640718562,0.4567901234567901,0.5016666666666667,0.5,0.4806714140386571,0.5423088107007851,0.53,0.5361952861952862,0.2216666666666666,0.0869379014989293,0.1532524807056229,0.1021897810218978,0.009090909090909,0.4762845849802372,0.9058823529411764,0.08130081300813,0.7142857142857143,0.3322231473771856,0.7782340862422998,0.231578947368421,0.7330917874396136,0.3080328905755851,0.4409448818897638,0.3793103448275862,0.2195608782435129,0.2404181184668989,0.2043010752688172,0.6205882352941177,0.7396449704142012,0.7617107942973523,0.7896103896103897,0.7352941176470589,0.0429715950473415,94.0796350850518,0.625615763546798,15.445317044793484,15.167006109979631,14.68237347294939,14.438754727960433,0.3023333333333333,0.5799338478500551,0.6848958333333334,0.5038022813688213,0.1826666666666666,0.4087591240875912,0.4552845528455284,0.3482142857142857,0.2933333333333333,0.4181818181818181,0.4220183486238532,0.5625,0.0573333333333333,0.4593023255813953,0.4674556213017751,0.9746835443037974,0.1643333333333333,0.3630831643002028,0.3660531697341513,0.8044692737430168,0.583756345177665,0.5391304347826087,0.1612903225806451,0.0406091370558375,0.375,1.0,0.1116751269035533,0.3636363636363636,0.875,0.301119023397762,0.5472972972972973,0.0630722278738555,0.4354838709677419,0.1953204476093591,0.34375,0.524,0.3692946058091286,0.4971070184254607,0.5351760932944607,0.4878083761562182,0.1272891023716601,0.155379984951091,0.0163447251114413,0.1273358248798718,0.3411639081687133,9.551391862955034,25.459248120300764,0.3574752763234438,True,7.0,3.0,0.0105263157894736,0.0174418604651162,0.0081135902636916,201575,1610612754,2011,2010-11,True,793.0,45.0,8.0,46.0,90.0,16.0,46.0,25.0,27.0,,
132130.0,2202.0,-121.0,4356.0,4352.0,1096.0,1240.0,536.0,8708.0,703.0,1175.0,141.0,260.0,172.0,270.0,278.0,773.0,461.0,1131.0,78.0,212.0,8.0,25.0,23.0,48.0,175.0,546.0,10.0,40.0,50.0,169.0,1442.0,3079.0,253.0,758.0,882.0,4525.0,4646.0,214.0,431.0,18.0,65.0,103.0,585.0,331.0,685.0,73.0,217.0,299.0,1180.0,1366.0,1518.0,648.0,111.0,240.0,,10.0,536.0,175.0,243.0,683.0,216.0,899.0,140.0,76.0,335.0,96.0,252.0,2014.0,102.0,501.0,13.0,384.0,1025.0,110.0,1519.0,616.0,2135.0,78.0,350.0,203.0,147.0,342.0,60.0,193.0,295.0,23.0,149.0,53.0,637.0,59.0,156.0,512.0,994.0,1.0,69.0,49.0,1155.0,101.0,32.0,508.0,9.0,93.0,257.0,7.0,7.0,138.0,,10.0,109.0,264.0,143.0,13.0,1.0,11.0,14.0,3940.0,1176.0,1094.0,86.0,0.4736477115117892,0.516641452344932,0.8537549407114624,0.3337730870712401,0.2769230769230769,0.336405529953917,0.3382352941176471,0.4683338746346216,0.4965197215777262,0.4832116788321168,0.4747198332030232,0.4858870967741935,0.4883592017738359,0.517610497237569,0.5169039145907474,0.5429362880886427,0.1975501694031795,0.0789217278337122,0.1208510638297872,0.1060802069857697,0.0167992926613616,0.5368916797488226,0.8461538461538461,0.0921985815602836,0.6752305665349143,0.3094502779493514,0.7300380228136882,0.2125,0.6893346379647749,0.2872796569795141,0.4102564102564102,0.3123732251521298,0.2355623100303951,0.2167630057803468,0.2014925373134328,0.579064587973274,0.6785009861932939,0.7491103202846975,0.7363420427553444,0.7047619047619048,0.0420032310177706,94.9028986604102,0.5416666666666666,15.741046831955924,14.605238970588236,14.939853076216712,13.8359375,0.3062288246025541,0.5982978723404255,0.68054211035818,0.476529160739687,0.2014594735470419,0.3596377749029754,0.402315484804631,0.3453237410071942,0.2947615324472244,0.407603890362511,0.414568345323741,0.5466377440347071,0.0552514985665884,0.3679245283018867,0.3679245283018867,0.9743589743589745,0.1422986708365911,0.3205128205128205,0.3222836095764272,0.8,0.5241935483870968,0.5423076923076923,0.1205673758865248,0.0504032258064516,0.32,1.0,0.0806451612903225,0.25,0.9,0.2993348115299334,0.6370370370370371,0.0532150776053215,0.4791666666666667,0.1873614190687361,0.2958579881656805,0.5037789940057337,0.3264925373134328,0.4956526811404652,0.5136763723150359,0.4958033146067414,0.1216184427193601,0.1457257601835915,0.0117647058823529,0.1292817679558011,0.2607734806629834,9.543877882429358,25.4476253298153,0.2516069788797062,False,3.0,2.0,0.0039577836411609,,0.0054945054945054,201575,1610612754,2011,2010-11,True,985.0,48.0,12.0,56.0,82.0,23.0,50.0,41.0,45.0,,
103042.0,1717.0,78.0,3304.0,3312.0,1125.0,754.0,451.0,6616.0,570.0,949.0,132.0,246.0,195.0,321.0,216.0,564.0,244.0,629.0,72.0,172.0,8.0,11.0,21.0,45.0,203.0,600.0,21.0,50.0,76.0,221.0,1030.0,2142.0,275.0,772.0,732.0,3617.0,3539.0,164.0,348.0,29.0,61.0,119.0,534.0,320.0,678.0,97.0,266.0,319.0,1250.0,1116.0,944.0,693.0,132.0,206.0,,18.0,582.0,203.0,191.0,558.0,231.0,789.0,161.0,70.0,310.0,111.0,137.0,1809.0,130.0,387.0,23.0,372.0,773.0,76.0,1221.0,540.0,1761.0,65.0,284.0,175.0,109.0,267.0,54.0,150.0,245.0,14.0,117.0,48.0,512.0,58.0,175.0,284.0,633.0,,35.0,20.0,993.0,85.0,19.0,399.0,11.0,116.0,173.0,3.0,3.0,101.0,,7.0,65.0,176.0,102.0,4.0,4.0,21.0,11.0,3083.0,1243.0,1120.0,74.0,0.541747572815534,0.6019417475728155,0.84,0.3562176165803108,0.4754098360655737,0.3646616541353383,0.3647214854111406,0.480859010270775,0.4712643678160919,0.471976401179941,0.4950240219629375,0.5073349633251834,0.493114406779661,0.5371198568872988,0.5550935550935551,0.5459317585301837,0.2649279341111873,0.0891690009337068,0.1317175974710221,0.0992907801418439,0.0158982511923688,0.521484375,0.926829268292683,0.1811023622047244,0.7390057361376673,0.354071363220494,0.8157894736842105,0.2857142857142857,0.7623169107856191,0.3339793281653747,0.446524064171123,0.3275362318840579,0.2860962566844919,0.2780898876404494,0.3131313131313131,0.6666666666666666,0.7039473684210527,0.8162790697674419,0.8328358208955224,0.768595041322314,0.048076923076923,92.457832728402,0.5795454545454546,15.818704600484262,15.331219806763285,14.990314769975788,14.782608695652174,0.3256691832532601,0.6006322444678609,0.691747572815534,0.543859649122807,0.1935483870967742,0.3829787234042553,0.4251968503937008,0.5138888888888888,0.2158544955387783,0.3879173290937996,0.394184168012924,0.5614754098360656,0.0590253946465339,0.4186046511627907,0.4285714285714285,0.9722222222222222,0.2059025394646534,0.3383333333333333,0.3411764705882353,0.7931034482758621,0.6014669926650367,0.5365853658536586,0.1136363636363636,0.0268948655256723,0.7272727272727273,1.0,0.1222493887530562,0.42,0.9047619047619048,0.3400423728813559,0.6074766355140186,0.0476694915254237,0.4666666666666667,0.2341101694915254,0.3438914027149321,0.5905971173644475,0.3487972508591065,0.5062175077773935,0.5407044342507645,0.5034809806034481,0.1266213712168005,0.1624592833876221,0.0140664961636828,0.1476361625656621,0.3455902681780481,8.297432306255843,26.02370466321244,0.3404963680387409,True,9.0,1.0,0.0116580310880829,0.0232558139534883,0.0083333333333333,201575,1610612744,2012,2011-12,True,790.0,32.0,13.0,35.0,91.0,20.0,19.0,24.0,13.0,,
87938.0,1466.0,147.0,2840.0,2829.0,641.0,336.0,390.0,5669.0,478.0,797.0,102.0,213.0,95.0,184.0,229.0,616.0,256.0,595.0,43.0,126.0,8.0,15.0,10.0,28.0,150.0,383.0,17.0,42.0,36.0,92.0,963.0,2008.0,193.0,509.0,556.0,3061.0,2914.0,152.0,328.0,25.0,57.0,96.0,475.0,182.0,416.0,46.0,120.0,184.0,686.0,1134.0,792.0,513.0,66.0,152.0,,2.0,381.0,150.0,160.0,567.0,171.0,738.0,130.0,41.0,285.0,115.0,167.0,1647.0,95.0,366.0,13.0,245.0,782.0,51.0,1078.0,474.0,1552.0,65.0,215.0,143.0,72.0,261.0,54.0,163.0,205.0,14.0,98.0,34.0,466.0,33.0,107.0,226.0,462.0,1.0,26.0,30.0,732.0,58.0,12.0,304.0,6.0,76.0,148.0,4.0,2.0,99.0,2.0,6.0,43.0,152.0,99.0,9.0,,13.0,5.0,2586.0,681.0,638.0,26.0,0.5887850467289719,0.6392333709131905,0.8860103626943006,0.3791748526522593,0.4385964912280701,0.3833333333333333,0.3806706114398422,0.4795816733067729,0.4634146341463415,0.4375,0.4976162097735399,0.4922077922077922,0.4682835820895522,0.5362038664323374,0.5361990950226244,0.5239938080495357,0.2022248708780294,0.0796812749003984,0.1129234629861982,0.1055194805194805,0.0084033613445378,0.5600858369098712,0.9107142857142856,0.1566265060240964,0.7328959700093721,0.3522617901828681,0.7270029673590505,0.3094462540716612,0.7314814814814815,0.3424962852897474,0.4779874213836478,0.3316062176165803,0.2567164179104477,0.3008849557522124,0.3333333333333333,0.6246153846153846,0.7378640776699029,0.8106235565819861,0.7411764705882353,0.6829268292682927,0.0548523206751054,92.83085810457366,0.6513157894736842,15.43556338028169,15.588900671615413,14.55176056338028,14.926475786496995,0.3166468017481128,0.5997490589711418,0.6760961810466761,0.5962343096234309,0.244735796583234,0.3717532467532468,0.4156079854809437,0.5021834061135371,0.2363925307906237,0.4302521008403361,0.4338983050847457,0.65234375,0.0500595947556615,0.3412698412698413,0.344,0.9534883720930232,0.1521652761223679,0.391644908616188,0.3926701570680628,0.8666666666666667,0.5532467532467532,0.4788732394366197,0.1862745098039215,0.0389610389610389,0.5333333333333333,1.0,0.109090909090909,0.4047619047619047,0.9411764705882352,0.3432835820895522,0.5163043478260869,0.0522388059701492,0.3571428571428571,0.1716417910447761,0.391304347826087,0.5188716726261422,0.3937007874015748,0.5097510545165136,0.5373031948881786,0.5091128971962615,0.1119537739256049,0.1348713398402839,0.0116504854368932,0.1551780463900686,0.224109768049657,8.499601593625501,25.3762278978389,0.2257042253521126,False,2.0,,0.0039292730844793,0.0079365079365079,0.0026109660574412,201575,1610612744,2012,2011-12,True,619.0,21.0,9.0,37.0,55.0,8.0,15.0,29.0,8.0,,
1521.0,25.0,-6.0,50.0,53.0,24.0,21.0,9.0,103.0,7.0,14.0,3.0,4.0,3.0,5.0,7.0,8.0,3.0,14.0,,3.0,,,,2.0,1.0,5.0,,,1.0,2.0,17.0,36.0,1.0,8.0,9.0,46.0,52.0,5.0,8.0,,,2.0,12.0,7.0,15.0,1.0,4.0,9.0,26.0,14.0,20.0,3.0,,6.0,,,5.0,1.0,2.0,7.0,1.0,8.0,1.0,,1.0,3.0,3.0,17.0,2.0,7.0,,4.0,12.0,3.0,19.0,9.0,28.0,2.0,4.0,1.0,3.0,6.0,2.0,4.0,3.0,,2.0,1.0,9.0,,4.0,6.0,12.0,,,,12.0,1.0,1.0,4.0,,2.0,6.0,,,4.0,,1.0,1.0,6.0,5.0,,,,,34.0,25.0,23.0,1.0,0.4117647058823529,0.5,1.0,0.125,,0.25,0.125,0.4722222222222222,0.625,0.4666666666666667,0.4204545454545454,0.625,0.4473684210526316,0.4591836734693877,0.6666666666666666,0.5208333333333334,0.1818181818181818,0.0555555555555555,0.1428571428571428,,,0.6666666666666666,1.0,,0.6666666666666666,0.3684210526315789,1.0,0.2857142857142857,0.7272727272727273,0.3461538461538461,0.7142857142857143,,0.1818181818181818,,0.6666666666666666,0.75,0.6,0.6,1.0,1.0,0.0833333333333333,97.51479289940828,0.8333333333333334,14.26,15.245283018867925,13.42,14.58490566037736,0.3181818181818182,0.5,0.5833333333333334,0.1428571428571428,0.1818181818181818,0.875,0.875,0.4285714285714285,0.3181818181818182,0.2142857142857142,0.2142857142857142,1.0,0.0681818181818181,,,,0.1136363636363636,0.2,0.2,1.0,0.5,0.75,,,,,,,,0.2631578947368421,0.6,0.1052631578947368,,0.1052631578947368,0.5,0.5,0.2,0.5050943181818183,0.48578,0.5092842105263158,0.0851063829787234,0.1025641025641025,,0.2608695652173913,0.5652173913043478,10.219444444444443,24.225,0.48,True,,,,,,201575,1610612744,2013,2012-13,True,11.0,2.0,,1.0,1.0,2.0,,,2.0,,
236139.0,3936.0,-67.0,7761.0,7754.0,2125.0,1778.0,944.0,15515.0,1186.0,1924.0,271.0,469.0,310.0,497.0,556.0,1440.0,635.0,1658.0,172.0,449.0,21.0,47.0,56.0,126.0,484.0,1439.0,48.0,126.0,124.0,407.0,2377.0,5022.0,656.0,1888.0,1455.0,8177.0,8244.0,367.0,701.0,69.0,173.0,188.0,1129.0,608.0,1230.0,180.0,533.0,576.0,2332.0,2702.0,2052.0,1716.0,252.0,418.0,1.0,20.0,1418.0,483.0,328.0,1351.0,572.0,1923.0,403.0,169.0,684.0,265.0,402.0,4418.0,294.0,773.0,32.0,681.0,1924.0,155.0,2760.0,1099.0,3859.0,119.0,666.0,408.0,258.0,561.0,127.0,331.0,542.0,21.0,230.0,85.0,1103.0,101.0,279.0,712.0,1559.0,2.0,79.0,97.0,1944.0,146.0,35.0,800.0,18.0,207.0,385.0,8.0,6.0,225.0,2.0,17.0,143.0,393.0,250.0,19.0,6.0,21.0,21.0,7048.0,2301.0,2105.0,131.0,0.5683634833824148,0.6231549815498155,0.8719512195121951,0.3474576271186441,0.3988439306358382,0.3377110694183864,0.3506423982869379,0.4733174034249303,0.5235378031383737,0.4943089430894309,0.486396526772793,0.5383295194508009,0.4980147475893363,0.5234425176621709,0.5646940822467402,0.5450281425891182,0.2732272069464544,0.0653126244524094,0.0971933471933472,0.0854166666666666,0.0108564535585042,0.5086128739800544,0.8959537572254336,0.1259842519685039,0.7125925925925926,0.2959418070444104,0.7458926615553122,0.25,0.7210074730141157,0.2816789862724392,0.3997271487039563,0.3059360730593607,0.2113659022931206,0.2414174972314507,0.2783882783882784,0.6408839779005525,0.696528555431131,0.7737765466297323,0.7429775280898876,0.7562189054726368,0.0345127610208816,94.61207170353056,0.6361323155216285,15.656616415410385,14.783079700799588,14.85697719366061,14.158498839308743,0.2784370477568741,0.6164241164241164,0.6827864133563616,0.5767284991568297,0.2083936324167872,0.3861111111111111,0.422171602126044,0.4766187050359712,0.2399421128798842,0.3829915560916767,0.3871951219512195,0.6330708661417322,0.0649782923299565,0.3830734966592428,0.3865168539325843,0.9825581395348836,0.2082489146164978,0.3363446838082001,0.3391730903994394,0.8326446280991735,0.5366132723112128,0.5778251599147122,0.1771217712177121,0.0537757437070938,0.4468085106382978,1.0,0.1441647597254004,0.3809523809523809,0.9166666666666666,0.2819058423142371,0.6237424547283702,0.071469086783891,0.4444444444444444,0.2308564946114577,0.3046683046683047,0.5516642547033285,0.3406205923836389,0.4983889131066547,0.5215045255474454,0.4927911595866821,0.1079440485616257,0.1409443269908386,0.0094637223974763,0.1380701968937263,0.2851901675431087,9.08620071684588,25.74650423728814,0.273804922046128,False,16.0,4.0,0.0084745762711864,0.0089086859688195,0.0083391243919388,201575,1610612744,2013,2012-13,True,1741.0,108.0,27.0,113.0,159.0,29.0,52.0,55.0,37.0,,
25075.0,418.0,94.0,803.0,795.0,207.0,279.0,106.0,1598.0,163.0,259.0,29.0,52.0,41.0,69.0,53.0,144.0,58.0,149.0,18.0,42.0,5.0,5.0,3.0,10.0,41.0,123.0,3.0,9.0,15.0,41.0,274.0,552.0,59.0,165.0,161.0,886.0,792.0,41.0,84.0,8.0,14.0,15.0,121.0,66.0,134.0,18.0,51.0,46.0,232.0,254.0,294.0,150.0,27.0,46.0,,5.0,118.0,41.0,49.0,127.0,50.0,177.0,33.0,17.0,85.0,11.0,31.0,404.0,26.0,86.0,6.0,66.0,210.0,20.0,296.0,118.0,414.0,16.0,75.0,52.0,23.0,60.0,8.0,33.0,46.0,4.0,27.0,9.0,106.0,9.0,27.0,70.0,181.0,1.0,11.0,8.0,218.0,17.0,4.0,97.0,,19.0,51.0,,,37.0,,2.0,12.0,51.0,29.0,1.0,,2.0,,765.0,230.0,206.0,26.0,0.4635036496350365,0.5059760956175299,0.847457627118644,0.3575757575757576,0.5714285714285714,0.3529411764705882,0.36875,0.4963768115942029,0.4880952380952381,0.4925373134328358,0.5055788005578801,0.5408163265306123,0.5027027027027027,0.5410539215686274,0.5601851851851852,0.5347222222222222,0.2301255230125523,0.0887681159420289,0.1158301158301158,0.1111111111111111,0.0201342281879194,0.5660377358490566,0.8695652173913043,0.2068965517241379,0.6645569620253164,0.3138686131386861,0.7674418604651163,0.2736842105263158,0.6865671641791045,0.3035230352303523,0.3684210526315789,0.3222222222222222,0.247191011235955,0.2957746478873239,0.2083333333333333,0.5405405405405406,0.7010309278350515,0.7592592592592593,0.7936507936507936,0.6956521739130435,0.0501567398119122,91.76949152542372,0.5686274509803921,14.556662515566623,16.837735849056603,13.797011207970112,16.09685534591195,0.3612273361227336,0.6293436293436293,0.7117903930131004,0.5214723926380368,0.200836820083682,0.3680555555555556,0.4140625,0.2075471698113207,0.207810320781032,0.3892617449664429,0.3972602739726027,0.5344827586206896,0.0585774058577405,0.4285714285714285,0.4285714285714285,0.9444444444444444,0.1715481171548117,0.3333333333333333,0.3388429752066115,0.8048780487804879,0.5306122448979592,0.5576923076923077,0.1034482758620689,0.0510204081632653,1.0,1.0,0.0918367346938775,0.3333333333333333,0.6666666666666666,0.372972972972973,0.5942028985507246,0.054054054054054,0.3,0.2216216216216216,0.3658536585365853,0.5913528591352859,0.3474576271186441,0.5103573033707866,0.4940681818181817,0.508982044198895,0.1217063989962358,0.1534810126582278,,0.136568848758465,0.2618510158013544,7.93894927536232,25.65636363636364,0.2577833125778331,True,2.0,,0.0121212121212121,,0.016260162601626,201575,1610612762,2014,2013-14,True,175.0,4.0,3.0,12.0,15.0,3.0,4.0,5.0,2.0,,
212285.0,3538.0,494.0,6734.0,6718.0,1725.0,1792.0,757.0,13452.0,1259.0,2010.0,240.0,416.0,325.0,513.0,490.0,1178.0,516.0,1308.0,152.0,346.0,11.0,25.0,32.0,80.0,388.0,1080.0,28.0,85.0,90.0,272.0,2265.0,4496.0,540.0,1426.0,1343.0,7493.0,6999.0,325.0,622.0,39.0,110.0,122.0,889.0,508.0,1036.0,122.0,352.0,540.0,1922.0,2318.0,2212.0,1356.0,264.0,298.0,1.0,10.0,1069.0,387.0,308.0,1159.0,452.0,1611.0,311.0,141.0,708.0,173.0,278.0,3674.0,183.0,673.0,27.0,650.0,1634.0,182.0,2466.0,883.0,3349.0,117.0,542.0,352.0,190.0,510.0,108.0,348.0,418.0,27.0,162.0,72.0,928.0,72.0,239.0,691.0,1492.0,1.0,96.0,91.0,1727.0,161.0,13.0,729.0,16.0,189.0,338.0,12.0,6.0,202.0,6.0,17.0,119.0,350.0,220.0,13.0,4.0,9.0,21.0,6604.0,1885.0,1702.0,150.0,0.5116997792494481,0.5477315689981096,0.837037037037037,0.3786816269284712,0.3545454545454545,0.3465909090909091,0.3806497175141243,0.5037811387900356,0.522508038585209,0.4903474903474903,0.5192502532928065,0.5239071038251366,0.4978386167146974,0.5590168833109218,0.5480887792848336,0.5624267291910903,0.2407970280310706,0.0685053380782918,0.1019900497512437,0.0806451612903225,0.0061162079510703,0.5495689655172413,0.8878048780487805,0.135,0.706441850410722,0.3059090909090909,0.7311586051743532,0.2170818505338078,0.7133041848844472,0.2813013473545843,0.408355795148248,0.313235294117647,0.2017994858611825,0.2304147465437788,0.171875,0.5973451327433629,0.693135935397039,0.8004484304932735,0.741506646971935,0.6981132075471698,0.042794440380395,91.24940528063688,0.6285714285714286,15.11954261954262,16.44388210777017,14.394713394713394,15.656296516820484,0.3394123606889564,0.6263681592039801,0.6975069252077563,0.562351072279587,0.198919284025667,0.4159592529711375,0.4524469067405355,0.3530612244897959,0.2208713272543059,0.3944954128440367,0.3969230769230769,0.5387596899224806,0.0584262073623775,0.4393063583815029,0.4405797101449275,0.9276315789473684,0.182370820668693,0.3592592592592593,0.3612662942271881,0.8015463917525774,0.5683060109289617,0.5769230769230769,0.1916666666666666,0.0341530054644808,0.44,0.8181818181818182,0.1161202185792349,0.3294117647058823,0.75,0.3695965417867435,0.6335282651072125,0.0576368876080691,0.4,0.1959654178674351,0.3308823529411764,0.580209388720027,0.3620205799812909,0.504899889961063,0.5197905891980361,0.5046065043604653,0.1145448954489544,0.1439573459715639,0.0111111111111111,0.1186440677966101,0.2565060723341785,8.225911921708185,24.948527349228605,0.2561627561627562,False,7.0,2.0,0.0049088359046283,0.0028901734104046,0.0055555555555555,201575,1610612762,2014,2013-14,True,1521.0,109.0,13.0,70.0,154.0,35.0,14.0,45.0,30.0,,
16263.0,271.0,124.0,575.0,572.0,280.0,220.0,64.0,1147.0,117.0,162.0,15.0,28.0,59.0,78.0,36.0,96.0,51.0,117.0,8.0,19.0,2.0,3.0,3.0,9.0,32.0,92.0,3.0,8.0,22.0,55.0,204.0,375.0,40.0,111.0,138.0,666.0,542.0,20.0,42.0,5.0,11.0,17.0,72.0,96.0,171.0,25.0,64.0,67.0,334.0,222.0,186.0,99.0,21.0,28.0,,,92.0,32.0,33.0,111.0,33.0,144.0,26.0,7.0,69.0,16.0,26.0,321.0,17.0,49.0,3.0,58.0,152.0,12.0,222.0,69.0,291.0,6.0,53.0,38.0,15.0,43.0,12.0,29.0,30.0,1.0,14.0,5.0,73.0,6.0,41.0,53.0,102.0,,4.0,3.0,189.0,18.0,2.0,75.0,6.0,21.0,25.0,1.0,1.0,16.0,,1.0,8.0,26.0,16.0,4.0,,,1.0,594.0,332.0,279.0,18.0,0.5441176470588235,0.5842105263157895,0.825,0.3603603603603603,0.4545454545454545,0.390625,0.3603603603603603,0.544,0.4761904761904761,0.5614035087719298,0.5432098765432098,0.5188679245283019,0.5680851063829787,0.5845070422535211,0.5625,0.6094890510948905,0.228395061728395,0.088,0.1111111111111111,0.0729166666666666,0.0683760683760683,0.589041095890411,0.9230769230769232,0.1,0.7414634146341463,0.2916666666666667,0.8169014084507042,0.2537313432835821,0.7608695652173914,0.2808510638297872,0.3181818181818182,0.2203389830508474,0.3384615384615385,0.1929824561403508,0.6,0.6896551724137931,0.7105263157894737,0.8169014084507042,0.8448275862068966,0.6923076923076923,0.0298507462686567,101.56059767570558,0.6153846153846154,13.49391304347826,14.867132867132868,12.970434782608695,14.248251748251748,0.3333333333333333,0.7222222222222222,0.8125,0.5897435897435898,0.1975308641975308,0.375,0.4044943820224719,0.4444444444444444,0.2407407407407407,0.4358974358974359,0.4678899082568807,0.5098039215686274,0.0390946502057613,0.4210526315789473,0.4210526315789473,0.875,0.1893004115226337,0.3478260869565217,0.3555555555555555,0.8125,0.5283018867924528,0.5357142857142857,0.1333333333333333,0.0566037735849056,0.6666666666666666,1.0,0.1509433962264151,0.375,1.0,0.3319148936170212,0.7564102564102564,0.0382978723404255,0.3333333333333333,0.2340425531914893,0.4,0.5617283950617284,0.3478260869565217,0.5035694214876033,0.504574418604651,0.5036081196581196,0.1480804387568556,0.1736111111111111,0.0521739130434782,0.1081081081081081,0.5015015015015015,8.420799999999996,25.990090090090096,0.4869565217391304,True,2.0,2.0,0.018018018018018,,0.0217391304347826,201575,1610612744,2015,2014-15,True,135.0,6.0,2.0,7.0,17.0,4.0,1.0,2.0,4.0,,
220497.0,3675.0,-952.0,7495.0,7497.0,1705.0,1528.0,954.0,14992.0,1137.0,1978.0,262.0,470.0,264.0,425.0,521.0,1443.0,577.0,1531.0,133.0,348.0,19.0,50.0,28.0,91.0,419.0,1298.0,41.0,130.0,95.0,325.0,2235.0,4952.0,552.0,1646.0,1396.0,7522.0,8474.0,360.0,717.0,60.0,180.0,189.0,1089.0,467.0,1000.0,123.0,416.0,458.0,1761.0,2256.0,2214.0,1338.0,318.0,420.0,,21.0,1277.0,419.0,435.0,1128.0,446.0,1574.0,318.0,128.0,586.0,237.0,305.0,3594.0,274.0,811.0,28.0,930.0,1532.0,165.0,2627.0,1113.0,3740.0,136.0,627.0,407.0,220.0,719.0,115.0,450.0,537.0,38.0,269.0,50.0,1256.0,99.0,283.0,680.0,1439.0,3.0,90.0,94.0,1822.0,148.0,46.0,769.0,28.0,155.0,253.0,14.0,10.0,168.0,4.0,6.0,79.0,267.0,161.0,17.0,11.0,16.0,6.0,6433.0,1753.0,1701.0,102.0,0.5046979865771812,0.557037037037037,0.8079710144927537,0.3353584447144593,0.3333333333333333,0.2956730769230769,0.3396923076923077,0.4513327948303716,0.502092050209205,0.467,0.4642315853288875,0.5016722408026756,0.4600988700564972,0.5057440194620895,0.5359251968503937,0.5223613595706619,0.2494695362230979,0.087843295638126,0.1334681496461071,0.0997920997920998,0.0176355323318092,0.572452229299363,0.9166666666666666,0.14,0.7056655918931368,0.302048417132216,0.768595041322314,0.2629558541266795,0.7281869269446909,0.2911188623557821,0.3869047619047619,0.3087912087912088,0.2192513368983957,0.2542168674698795,0.2971698113207547,0.6388888888888888,0.6740027510316369,0.8038674033149171,0.781414994720169,0.7224334600760456,0.0415267175572519,97.90827086082804,0.602996254681648,15.780653769179454,13.634920634920634,15.029219479653102,13.074162998532746,0.2997878144892392,0.5748230535894844,0.6633605600933489,0.5153913808267371,0.2187026371627766,0.361053361053361,0.4010777521170131,0.45489443378119,0.2320400121248863,0.3768778576094056,0.3836436170212766,0.5285961871750433,0.0527432555319793,0.382183908045977,0.3900293255131964,0.962406015037594,0.1967262806911185,0.322804314329738,0.3275996872556685,0.7589498806682577,0.5239687848383501,0.5574468085106383,0.1259541984732824,0.0557413600891861,0.38,0.9473684210526316,0.144927536231884,0.3153846153846154,0.8292682926829268,0.3001412429378531,0.6211764705882353,0.0642655367231638,0.3076923076923077,0.2295197740112994,0.2923076923076923,0.5492573507123371,0.3281127642913077,0.4943344111381618,0.5209447960618843,0.4910300430725051,0.1100220872446162,0.1379867216938812,0.0167564332734889,0.144775325711247,0.2341132677479394,8.765791599353795,25.81743620899149,0.2274849899933289,False,26.0,3.0,0.0157958687727825,0.0201149425287356,0.0146379044684129,201575,1610612744,2015,2014-15,True,1491.0,107.0,21.0,74.0,120.0,20.0,65.0,30.0,34.0,,
63281.0,1055.0,31.0,2178.0,2170.0,591.0,565.0,266.0,4348.0,397.0,645.0,73.0,121.0,117.0,179.0,159.0,405.0,150.0,388.0,38.0,108.0,8.0,19.0,17.0,32.0,152.0,423.0,22.0,47.0,33.0,112.0,706.0,1438.0,190.0,531.0,447.0,2429.0,2398.0,105.0,190.0,30.0,66.0,55.0,355.0,185.0,351.0,50.0,144.0,170.0,690.0,702.0,710.0,432.0,138.0,114.0,,4.0,419.0,152.0,134.0,351.0,144.0,495.0,109.0,35.0,210.0,61.0,80.0,1134.0,76.0,222.0,10.0,314.0,409.0,48.0,771.0,308.0,1079.0,38.0,176.0,124.0,52.0,156.0,32.0,99.0,118.0,17.0,57.0,10.0,274.0,20.0,62.0,190.0,386.0,,9.0,23.0,565.0,46.0,18.0,228.0,13.0,56.0,99.0,1.0,,64.0,1.0,7.0,28.0,100.0,61.0,5.0,1.0,6.0,2.0,2074.0,690.0,591.0,39.0,0.4971671388101983,0.5408320493066255,0.7578947368421053,0.3578154425612053,0.4545454545454545,0.3472222222222222,0.3605313092979127,0.4909596662030598,0.5526315789473685,0.5270655270655271,0.5033011681056374,0.5859375,0.5252525252525253,0.5458446251129178,0.6171328671328671,0.5767284991568297,0.2696800406297613,0.0931849791376912,0.1348837209302325,0.1037037037037037,0.0128865979381443,0.5693430656934306,0.9411764705882352,0.144927536231884,0.7409420289855072,0.3045267489711934,0.7909319899244333,0.2310030395136778,0.761854583772392,0.2816635160680529,0.4251012145748988,0.2845528455284553,0.1991525423728813,0.2316602316602316,0.2285714285714285,0.6588785046728972,0.7458563535911602,0.8471337579617835,0.821917808219178,0.7047619047619048,0.0414394765539803,98.941546435739,0.61,15.18732782369146,13.918433179723502,14.40771349862259,13.417511520737326,0.3275774504824784,0.6155038759689923,0.7114695340501792,0.5289672544080605,0.2056881665820213,0.3925925925925926,0.4380165289256198,0.3836477987421384,0.1970543423057389,0.3865979381443299,0.391644908616188,0.5333333333333333,0.0548501777552056,0.3518518518518518,0.3551401869158878,0.9210526315789472,0.2148298628745556,0.359338061465721,0.3645083932853717,0.7171052631578947,0.47265625,0.6033057851239669,0.1232876712328767,0.07421875,0.4210526315789473,1.0,0.18359375,0.4680851063829787,0.6363636363636364,0.3616161616161616,0.6536312849162011,0.0646464646464646,0.53125,0.2262626262626262,0.2946428571428571,0.5972574911122397,0.3627684964200477,0.5056702902240325,0.523290306122449,0.5099652129817444,0.1116774791473586,0.1407407407407407,0.0241635687732342,0.1461506792918896,0.2840675174969123,8.063560500695411,25.41939736346516,0.2713498622589532,True,7.0,6.0,0.0131826741996233,0.0092592592592592,0.0141843971631205,201575,1610612744,2016,2015-16,True,444.0,28.0,8.0,25.0,41.0,9.0,7.0,4.0,11.0,,
175279.0,2921.0,-913.0,6047.0,6050.0,1655.0,1465.0,706.0,12097.0,967.0,1624.0,184.0,358.0,286.0,455.0,434.0,1210.0,441.0,1130.0,93.0,254.0,10.0,28.0,26.0,61.0,357.0,1143.0,37.0,107.0,98.0,346.0,1842.0,3964.0,450.0,1397.0,1076.0,6110.0,7023.0,255.0,544.0,47.0,135.0,127.0,778.0,488.0,1004.0,124.0,407.0,426.0,1774.0,1948.0,1736.0,1062.0,288.0,284.0,,14.0,1129.0,357.0,336.0,974.0,354.0,1328.0,265.0,89.0,528.0,196.0,250.0,3010.0,192.0,615.0,15.0,836.0,1088.0,149.0,2073.0,822.0,2895.0,116.0,534.0,375.0,159.0,533.0,86.0,335.0,378.0,55.0,198.0,50.0,911.0,72.0,209.0,540.0,1241.0,1.0,90.0,67.0,1448.0,132.0,44.0,589.0,34.0,131.0,225.0,11.0,9.0,160.0,2.0,11.0,54.0,236.0,132.0,13.0,2.0,7.0,8.0,5332.0,1771.0,1653.0,134.0,0.5287730727470141,0.5729411764705883,0.7866666666666666,0.3221188260558339,0.3481481481481481,0.3046683046683047,0.3253796095444685,0.4646821392532795,0.46875,0.4860557768924303,0.4695019585898153,0.4793814432989691,0.4776754075124025,0.5081103678929766,0.5166223404255319,0.5313064419024683,0.2605857116209662,0.0847628657921291,0.1194581280788177,0.1,0.0185840707964601,0.5850713501646543,0.9254658385093169,0.087719298245614,0.6868686868686869,0.2934160305343511,0.7798507462686567,0.2154882154882154,0.7243975903614458,0.270170739872782,0.3938931297709924,0.3037809647979139,0.1839762611275964,0.2070844686648501,0.2547770700636942,0.6174603174603175,0.6725838264299803,0.8008948545861297,0.7710109622411693,0.8087649402390438,0.0439893818733409,99.38258433697136,0.559322033898305,15.31652058872168,13.662809917355371,14.619646105506863,13.040661157024791,0.3029285581048312,0.5954433497536946,0.6762237762237763,0.546018614270941,0.225704159671703,0.3586776859504132,0.3985307621671258,0.4516129032258064,0.2107815706024995,0.3902654867256637,0.3976555455365194,0.5668934240362812,0.0473792202947211,0.3661417322834646,0.3661417322834646,0.956989247311828,0.2132064913262451,0.3123359580052493,0.3181818181818182,0.742296918767507,0.5272459499263623,0.5139664804469274,0.1521739130434782,0.0412371134020618,0.3571428571428571,1.0,0.1575846833578792,0.3457943925233644,0.8378378378378378,0.3224663359319631,0.6285714285714286,0.0432317505315379,0.4262295081967213,0.2452161587526576,0.2832369942196532,0.5635142697257974,0.3162090345438441,0.4924123735481452,0.5268363302752294,0.4941968503937008,0.1065139340058129,0.133227776521149,0.0238095238095238,0.1273322422258592,0.2903436988543371,8.377800201816353,25.6046528274875,0.2736894327765834,False,21.0,3.0,0.0150322118826055,,0.0183727034120734,201575,1610612744,2016,2015-16,True,1253.0,80.0,19.0,72.0,106.0,20.0,24.0,11.0,23.0,,
61796.0,1030.0,40.0,2033.0,2022.0,386.0,484.0,238.0,4055.0,397.0,627.0,73.0,122.0,73.0,115.0,145.0,299.0,100.0,291.0,61.0,147.0,7.0,16.0,8.0,26.0,161.0,469.0,20.0,44.0,20.0,75.0,642.0,1217.0,222.0,616.0,340.0,2290.0,2250.0,95.0,176.0,27.0,60.0,37.0,308.0,103.0,207.0,28.0,101.0,110.0,400.0,666.0,618.0,594.0,72.0,118.0,,3.0,466.0,161.0,87.0,333.0,198.0,531.0,141.0,57.0,222.0,55.0,56.0,1260.0,89.0,177.0,10.0,196.0,451.0,46.0,693.0,276.0,969.0,34.0,183.0,122.0,61.0,151.0,33.0,94.0,135.0,24.0,57.0,18.0,286.0,21.0,58.0,232.0,429.0,,24.0,20.0,455.0,52.0,9.0,198.0,13.0,32.0,100.0,,,71.0,,3.0,26.0,100.0,59.0,6.0,2.0,5.0,5.0,1982.0,391.0,379.0,37.0,0.5186915887850467,0.5711835334476844,0.8918918918918919,0.3603896103896103,0.45,0.2772277227722772,0.3621533442088091,0.5275267050123253,0.5397727272727273,0.4975845410628019,0.5319148936170213,0.5741525423728814,0.4707792207792208,0.5637351778656127,0.6015625,0.5349462365591398,0.3360611020185488,0.0714872637633525,0.098883572567783,0.060200668896321,0.0240549828178694,0.527972027972028,0.9019607843137256,0.1694915254237288,0.6970633693972179,0.3127208480565371,0.7716535433070866,0.2305699481865284,0.7180910099889012,0.2794117647058823,0.3771929824561403,0.2582781456953642,0.2780748663101604,0.2159468438538206,0.2823529411764706,0.6442307692307693,0.6954022988505747,0.7396226415094339,0.8047337278106509,0.7058823529411765,0.0395348837209302,94.49155285131724,0.59,14.63157894736842,15.850642927794263,13.945892769306443,15.199307616221564,0.3420621931260229,0.6331738437001595,0.7026548672566372,0.5591939546599496,0.1631205673758865,0.4849498327759197,0.5160142348754448,0.3793103448275862,0.1587561374795417,0.3436426116838488,0.352112676056338,0.56,0.0801963993453355,0.4149659863945578,0.4149659863945578,0.9344262295081968,0.2558647026732133,0.3432835820895522,0.3469827586206896,0.8757763975155279,0.5169491525423728,0.5983606557377049,0.1917808219178082,0.0677966101694915,0.4375,0.7142857142857143,0.1864406779661017,0.4545454545454545,0.95,0.3733766233766233,0.6347826086956522,0.0844155844155844,0.3076923076923077,0.2435064935064935,0.2666666666666666,0.6781232951445717,0.3454935622317596,0.530446555494806,0.5361943113772455,0.5281452459016395,0.1059236947791164,0.1452677916360968,0.0206677265500794,0.1344978165938864,0.1746724890829694,7.163763352506163,24.95844155844156,0.189867191342843,True,5.0,,0.0081168831168831,,0.0106609808102345,201575,1610612750,2017,2016-17,True,396.0,24.0,6.0,22.0,22.0,18.0,17.0,11.0,23.0,,
175864.0,2931.0,51.0,5775.0,5758.0,1525.0,1594.0,643.0,11533.0,1103.0,1723.0,215.0,340.0,264.0,411.0,336.0,831.0,354.0,845.0,144.0,351.0,19.0,35.0,41.0,88.0,445.0,1246.0,29.0,90.0,105.0,331.0,1793.0,3399.0,589.0,1597.0,1105.0,6458.0,6407.0,262.0,462.0,48.0,125.0,120.0,788.0,437.0,818.0,146.0,419.0,408.0,1720.0,1742.0,1844.0,1482.0,285.0,306.0,1.0,20.0,1225.0,444.0,268.0,871.0,494.0,1365.0,356.0,138.0,584.0,111.0,176.0,3224.0,229.0,483.0,16.0,609.0,1255.0,135.0,1999.0,728.0,2727.0,65.0,446.0,285.0,161.0,503.0,107.0,307.0,380.0,59.0,196.0,59.0,883.0,66.0,220.0,647.0,1252.0,1.0,68.0,58.0,1426.0,119.0,21.0,581.0,29.0,146.0,309.0,4.0,2.0,224.0,2.0,12.0,73.0,313.0,171.0,16.0,2.0,7.0,20.0,5670.0,1666.0,1493.0,125.0,0.4857780256553263,0.5310975609756098,0.8387096774193549,0.3688165309956168,0.384,0.3484486873508353,0.37285986049461,0.5275080906148867,0.5670995670995671,0.5342298288508558,0.535728582866293,0.5689948892674617,0.5303152789005658,0.572431567721294,0.5962121212121212,0.5797297297297297,0.3196557245796637,0.0788467196234186,0.1108531630876378,0.0794223826714801,0.0130177514792899,0.5696489241223103,0.8766233766233766,0.1095890410958904,0.6636700158646219,0.3053097345132743,0.7399756986634265,0.240041928721174,0.6868091378039793,0.2807570977917981,0.3739837398373983,0.3020408163265306,0.220125786163522,0.2486702127659574,0.2079207920792079,0.5885093167701864,0.6835871404399323,0.7195121951219512,0.7568,0.6868686868686869,0.028735632183908,94.43388072601556,0.5463258785942492,14.998787878787878,15.499478985758945,14.352727272727272,14.691385897881208,0.3448759007205764,0.6401625072547882,0.7199738903394256,0.5294650951949229,0.1663330664531625,0.4043321299638989,0.4392156862745098,0.3303571428571428,0.1691353082465972,0.4189349112426035,0.4244604316546763,0.4971751412429379,0.0702562049639711,0.4102564102564102,0.4137931034482758,0.9583333333333334,0.2493995196156925,0.3571428571428571,0.3591606133979015,0.8,0.5792163543441227,0.6323529411764706,0.1767441860465116,0.059625212947189,0.5428571428571428,0.8421052631578947,0.1533219761499148,0.3222222222222222,0.896551724137931,0.3322554567502021,0.6423357664233577,0.0711398544866612,0.4659090909090909,0.2675828617623282,0.3172205438066465,0.6645316253002402,0.3624489795918367,0.5238520112630733,0.5449524608501118,0.5120035743631877,0.1113138686131386,0.1504791504791504,0.0179122915379864,0.1220192009910188,0.2663363270362341,7.287113857016766,25.295616781465256,0.264069264069264,False,10.0,7.0,0.0062617407639323,0.0085470085470085,0.0056179775280898,201575,1610612750,2017,2016-17,True,1249.0,62.0,11.0,83.0,87.0,60.0,22.0,45.0,56.0,,
61796.0,1030.0,40.0,2033.0,2022.0,386.0,484.0,238.0,4055.0,397.0,627.0,73.0,122.0,73.0,115.0,145.0,299.0,100.0,291.0,61.0,147.0,7.0,16.0,8.0,26.0,161.0,469.0,20.0,44.0,20.0,75.0,642.0,1217.0,222.0,616.0,340.0,2290.0,2250.0,95.0,176.0,27.0,60.0,37.0,308.0,103.0,207.0,28.0,101.0,110.0,400.0,666.0,618.0,594.0,72.0,118.0,,3.0,466.0,161.0,87.0,333.0,198.0,531.0,141.0,57.0,222.0,55.0,56.0,1260.0,89.0,177.0,10.0,196.0,451.0,46.0,693.0,276.0,969.0,34.0,183.0,122.0,61.0,151.0,33.0,94.0,135.0,24.0,57.0,18.0,286.0,21.0,58.0,232.0,429.0,,24.0,20.0,455.0,52.0,9.0,198.0,13.0,32.0,100.0,,,71.0,,3.0,26.0,100.0,59.0,6.0,2.0,5.0,5.0,1982.0,391.0,379.0,37.0,0.5186915887850467,0.5711835334476844,0.8918918918918919,0.3603896103896103,0.45,0.2772277227722772,0.3621533442088091,0.5275267050123253,0.5397727272727273,0.4975845410628019,0.5319148936170213,0.5741525423728814,0.4707792207792208,0.5637351778656127,0.6015625,0.5349462365591398,0.3360611020185488,0.0714872637633525,0.098883572567783,0.060200668896321,0.0240549828178694,0.527972027972028,0.9019607843137256,0.1694915254237288,0.6970633693972179,0.3127208480565371,0.7716535433070866,0.2305699481865284,0.7180910099889012,0.2794117647058823,0.3771929824561403,0.2582781456953642,0.2780748663101604,0.2159468438538206,0.2823529411764706,0.6442307692307693,0.6954022988505747,0.7396226415094339,0.8047337278106509,0.7058823529411765,0.0395348837209302,94.49155285131724,0.59,14.63157894736842,15.850642927794263,13.945892769306443,15.199307616221564,0.3420621931260229,0.6331738437001595,0.7026548672566372,0.5591939546599496,0.1631205673758865,0.4849498327759197,0.5160142348754448,0.3793103448275862,0.1587561374795417,0.3436426116838488,0.352112676056338,0.56,0.0801963993453355,0.4149659863945578,0.4149659863945578,0.9344262295081968,0.2558647026732133,0.3432835820895522,0.3469827586206896,0.8757763975155279,0.5169491525423728,0.5983606557377049,0.1917808219178082,0.0677966101694915,0.4375,0.7142857142857143,0.1864406779661017,0.4545454545454545,0.95,0.3733766233766233,0.6347826086956522,0.0844155844155844,0.3076923076923077,0.2435064935064935,0.2666666666666666,0.6781232951445717,0.3454935622317596,0.530446555494806,0.5361943113772455,0.5281452459016395,0.1059236947791164,0.1452677916360968,0.0206677265500794,0.1344978165938864,0.1746724890829694,7.163763352506163,24.95844155844156,0.189867191342843,True,5.0,,0.0081168831168831,,0.0106609808102345,201575,1610612750,2017,2016-17,True,396.0,24.0,6.0,22.0,22.0,18.0,17.0,11.0,23.0,,
175864.0,2931.0,51.0,5775.0,5758.0,1525.0,1594.0,643.0,11533.0,1103.0,1723.0,215.0,340.0,264.0,411.0,336.0,831.0,354.0,845.0,144.0,351.0,19.0,35.0,41.0,88.0,445.0,1246.0,29.0,90.0,105.0,331.0,1793.0,3399.0,589.0,1597.0,1105.0,6458.0,6407.0,262.0,462.0,48.0,125.0,120.0,788.0,437.0,818.0,146.0,419.0,408.0,1720.0,1742.0,1844.0,1482.0,285.0,306.0,1.0,20.0,1225.0,444.0,268.0,871.0,494.0,1365.0,356.0,138.0,584.0,111.0,176.0,3224.0,229.0,483.0,16.0,609.0,1255.0,135.0,1999.0,728.0,2727.0,65.0,446.0,285.0,161.0,503.0,107.0,307.0,380.0,59.0,196.0,59.0,883.0,66.0,220.0,647.0,1252.0,1.0,68.0,58.0,1426.0,119.0,21.0,581.0,29.0,146.0,309.0,4.0,2.0,224.0,2.0,12.0,73.0,313.0,171.0,16.0,2.0,7.0,20.0,5670.0,1666.0,1493.0,125.0,0.4857780256553263,0.5310975609756098,0.8387096774193549,0.3688165309956168,0.384,0.3484486873508353,0.37285986049461,0.5275080906148867,0.5670995670995671,0.5342298288508558,0.535728582866293,0.5689948892674617,0.5303152789005658,0.572431567721294,0.5962121212121212,0.5797297297297297,0.3196557245796637,0.0788467196234186,0.1108531630876378,0.0794223826714801,0.0130177514792899,0.5696489241223103,0.8766233766233766,0.1095890410958904,0.6636700158646219,0.3053097345132743,0.7399756986634265,0.240041928721174,0.6868091378039793,0.2807570977917981,0.3739837398373983,0.3020408163265306,0.220125786163522,0.2486702127659574,0.2079207920792079,0.5885093167701864,0.6835871404399323,0.7195121951219512,0.7568,0.6868686868686869,0.028735632183908,94.43388072601556,0.5463258785942492,14.998787878787878,15.499478985758945,14.352727272727272,14.691385897881208,0.3448759007205764,0.6401625072547882,0.7199738903394256,0.5294650951949229,0.1663330664531625,0.4043321299638989,0.4392156862745098,0.3303571428571428,0.1691353082465972,0.4189349112426035,0.4244604316546763,0.4971751412429379,0.0702562049639711,0.4102564102564102,0.4137931034482758,0.9583333333333334,0.2493995196156925,0.3571428571428571,0.3591606133979015,0.8,0.5792163543441227,0.6323529411764706,0.1767441860465116,0.059625212947189,0.5428571428571428,0.8421052631578947,0.1533219761499148,0.3222222222222222,0.896551724137931,0.3322554567502021,0.6423357664233577,0.0711398544866612,0.4659090909090909,0.2675828617623282,0.3172205438066465,0.6645316253002402,0.3624489795918367,0.5238520112630733,0.5449524608501118,0.5120035743631877,0.1113138686131386,0.1504791504791504,0.0179122915379864,0.1220192009910188,0.2663363270362341,7.287113857016766,25.295616781465256,0.264069264069264,False,10.0,7.0,0.0062617407639323,0.0085470085470085,0.0056179775280898,201575,1610612750,2017,2016-17,True,1249.0,62.0,11.0,83.0,87.0,60.0,22.0,45.0,56.0,,
61796.0,1030.0,40.0,2033.0,2022.0,386.0,484.0,238.0,4055.0,397.0,627.0,73.0,122.0,73.0,115.0,145.0,299.0,100.0,291.0,61.0,147.0,7.0,16.0,8.0,26.0,161.0,469.0,20.0,44.0,20.0,75.0,642.0,1217.0,222.0,616.0,340.0,2290.0,2250.0,95.0,176.0,27.0,60.0,37.0,308.0,103.0,207.0,28.0,101.0,110.0,400.0,666.0,618.0,594.0,72.0,118.0,,3.0,466.0,161.0,87.0,333.0,198.0,531.0,141.0,57.0,222.0,55.0,56.0,1260.0,89.0,177.0,10.0,196.0,451.0,46.0,693.0,276.0,969.0,34.0,183.0,122.0,61.0,151.0,33.0,94.0,135.0,24.0,57.0,18.0,286.0,21.0,58.0,232.0,429.0,,24.0,20.0,455.0,52.0,9.0,198.0,13.0,32.0,100.0,,,71.0,,3.0,26.0,100.0,59.0,6.0,2.0,5.0,5.0,1982.0,391.0,379.0,37.0,0.5186915887850467,0.5711835334476844,0.8918918918918919,0.3603896103896103,0.45,0.2772277227722772,0.3621533442088091,0.5275267050123253,0.5397727272727273,0.4975845410628019,0.5319148936170213,0.5741525423728814,0.4707792207792208,0.5637351778656127,0.6015625,0.5349462365591398,0.3360611020185488,0.0714872637633525,0.098883572567783,0.060200668896321,0.0240549828178694,0.527972027972028,0.9019607843137256,0.1694915254237288,0.6970633693972179,0.3127208480565371,0.7716535433070866,0.2305699481865284,0.7180910099889012,0.2794117647058823,0.3771929824561403,0.2582781456953642,0.2780748663101604,0.2159468438538206,0.2823529411764706,0.6442307692307693,0.6954022988505747,0.7396226415094339,0.8047337278106509,0.7058823529411765,0.0395348837209302,94.49155285131724,0.59,14.63157894736842,15.850642927794263,13.945892769306443,15.199307616221564,0.3420621931260229,0.6331738437001595,0.7026548672566372,0.5591939546599496,0.1631205673758865,0.4849498327759197,0.5160142348754448,0.3793103448275862,0.1587561374795417,0.3436426116838488,0.352112676056338,0.56,0.0801963993453355,0.4149659863945578,0.4149659863945578,0.9344262295081968,0.2558647026732133,0.3432835820895522,0.3469827586206896,0.8757763975155279,0.5169491525423728,0.5983606557377049,0.1917808219178082,0.0677966101694915,0.4375,0.7142857142857143,0.1864406779661017,0.4545454545454545,0.95,0.3733766233766233,0.6347826086956522,0.0844155844155844,0.3076923076923077,0.2435064935064935,0.2666666666666666,0.6781232951445717,0.3454935622317596,0.530446555494806,0.5361943113772455,0.5281452459016395,0.1059236947791164,0.1452677916360968,0.0206677265500794,0.1344978165938864,0.1746724890829694,7.163763352506163,24.95844155844156,0.189867191342843,True,5.0,,0.0081168831168831,,0.0106609808102345,201575,1610612750,2017,2016-17,True,396.0,24.0,6.0,22.0,22.0,18.0,17.0,11.0,23.0,,
175864.0,2931.0,51.0,5775.0,5758.0,1525.0,1594.0,643.0,11533.0,1103.0,1723.0,215.0,340.0,264.0,411.0,336.0,831.0,354.0,845.0,144.0,351.0,19.0,35.0,41.0,88.0,445.0,1246.0,29.0,90.0,105.0,331.0,1793.0,3399.0,589.0,1597.0,1105.0,6458.0,6407.0,262.0,462.0,48.0,125.0,120.0,788.0,437.0,818.0,146.0,419.0,408.0,1720.0,1742.0,1844.0,1482.0,285.0,306.0,1.0,20.0,1225.0,444.0,268.0,871.0,494.0,1365.0,356.0,138.0,584.0,111.0,176.0,3224.0,229.0,483.0,16.0,609.0,1255.0,135.0,1999.0,728.0,2727.0,65.0,446.0,285.0,161.0,503.0,107.0,307.0,380.0,59.0,196.0,59.0,883.0,66.0,220.0,647.0,1252.0,1.0,68.0,58.0,1426.0,119.0,21.0,581.0,29.0,146.0,309.0,4.0,2.0,224.0,2.0,12.0,73.0,313.0,171.0,16.0,2.0,7.0,20.0,5670.0,1666.0,1493.0,125.0,0.4857780256553263,0.5310975609756098,0.8387096774193549,0.3688165309956168,0.384,0.3484486873508353,0.37285986049461,0.5275080906148867,0.5670995670995671,0.5342298288508558,0.535728582866293,0.5689948892674617,0.5303152789005658,0.572431567721294,0.5962121212121212,0.5797297297297297,0.3196557245796637,0.0788467196234186,0.1108531630876378,0.0794223826714801,0.0130177514792899,0.5696489241223103,0.8766233766233766,0.1095890410958904,0.6636700158646219,0.3053097345132743,0.7399756986634265,0.240041928721174,0.6868091378039793,0.2807570977917981,0.3739837398373983,0.3020408163265306,0.220125786163522,0.2486702127659574,0.2079207920792079,0.5885093167701864,0.6835871404399323,0.7195121951219512,0.7568,0.6868686868686869,0.028735632183908,94.43388072601556,0.5463258785942492,14.998787878787878,15.499478985758945,14.352727272727272,14.691385897881208,0.3448759007205764,0.6401625072547882,0.7199738903394256,0.5294650951949229,0.1663330664531625,0.4043321299638989,0.4392156862745098,0.3303571428571428,0.1691353082465972,0.4189349112426035,0.4244604316546763,0.4971751412429379,0.0702562049639711,0.4102564102564102,0.4137931034482758,0.9583333333333334,0.2493995196156925,0.3571428571428571,0.3591606133979015,0.8,0.5792163543441227,0.6323529411764706,0.1767441860465116,0.059625212947189,0.5428571428571428,0.8421052631578947,0.1533219761499148,0.3222222222222222,0.896551724137931,0.3322554567502021,0.6423357664233577,0.0711398544866612,0.4659090909090909,0.2675828617623282,0.3172205438066465,0.6645316253002402,0.3624489795918367,0.5238520112630733,0.5449524608501118,0.5120035743631877,0.1113138686131386,0.1504791504791504,0.0179122915379864,0.1220192009910188,0.2663363270362341,7.287113857016766,25.295616781465256,0.264069264069264,False,10.0,7.0,0.0062617407639323,0.0085470085470085,0.0056179775280898,201575,1610612750,2017,2016-17,True,1249.0,62.0,11.0,83.0,87.0,60.0,22.0,45.0,56.0,,
61796.0,1030.0,40.0,2033.0,2022.0,386.0,484.0,238.0,4055.0,397.0,627.0,73.0,122.0,73.0,115.0,145.0,299.0,100.0,291.0,61.0,147.0,7.0,16.0,8.0,26.0,161.0,469.0,20.0,44.0,20.0,75.0,642.0,1217.0,222.0,616.0,340.0,2290.0,2250.0,95.0,176.0,27.0,60.0,37.0,308.0,103.0,207.0,28.0,101.0,110.0,400.0,666.0,618.0,594.0,72.0,118.0,,3.0,466.0,161.0,87.0,333.0,198.0,531.0,141.0,57.0,222.0,55.0,56.0,1260.0,89.0,177.0,10.0,196.0,451.0,46.0,693.0,276.0,969.0,34.0,183.0,122.0,61.0,151.0,33.0,94.0,135.0,24.0,57.0,18.0,286.0,21.0,58.0,232.0,429.0,,24.0,20.0,455.0,52.0,9.0,198.0,13.0,32.0,100.0,,,71.0,,3.0,26.0,100.0,59.0,6.0,2.0,5.0,5.0,1982.0,391.0,379.0,37.0,0.5186915887850467,0.5711835334476844,0.8918918918918919,0.3603896103896103,0.45,0.2772277227722772,0.3621533442088091,0.5275267050123253,0.5397727272727273,0.4975845410628019,0.5319148936170213,0.5741525423728814,0.4707792207792208,0.5637351778656127,0.6015625,0.5349462365591398,0.3360611020185488,0.0714872637633525,0.098883572567783,0.060200668896321,0.0240549828178694,0.527972027972028,0.9019607843137256,0.1694915254237288,0.6970633693972179,0.3127208480565371,0.7716535433070866,0.2305699481865284,0.7180910099889012,0.2794117647058823,0.3771929824561403,0.2582781456953642,0.2780748663101604,0.2159468438538206,0.2823529411764706,0.6442307692307693,0.6954022988505747,0.7396226415094339,0.8047337278106509,0.7058823529411765,0.0395348837209302,94.49155285131724,0.59,14.63157894736842,15.850642927794263,13.945892769306443,15.199307616221564,0.3420621931260229,0.6331738437001595,0.7026548672566372,0.5591939546599496,0.1631205673758865,0.4849498327759197,0.5160142348754448,0.3793103448275862,0.1587561374795417,0.3436426116838488,0.352112676056338,0.56,0.0801963993453355,0.4149659863945578,0.4149659863945578,0.9344262295081968,0.2558647026732133,0.3432835820895522,0.3469827586206896,0.8757763975155279,0.5169491525423728,0.5983606557377049,0.1917808219178082,0.0677966101694915,0.4375,0.7142857142857143,0.1864406779661017,0.4545454545454545,0.95,0.3733766233766233,0.6347826086956522,0.0844155844155844,0.3076923076923077,0.2435064935064935,0.2666666666666666,0.6781232951445717,0.3454935622317596,0.530446555494806,0.5361943113772455,0.5281452459016395,0.1059236947791164,0.1452677916360968,0.0206677265500794,0.1344978165938864,0.1746724890829694,7.163763352506163,24.95844155844156,0.189867191342843,True,5.0,,0.0081168831168831,,0.0106609808102345,201575,1610612750,2017,2016-17,True,396.0,24.0,6.0,22.0,22.0,18.0,17.0,11.0,23.0,,
175864.0,2931.0,51.0,5775.0,5758.0,1525.0,1594.0,643.0,11533.0,1103.0,1723.0,215.0,340.0,264.0,411.0,336.0,831.0,354.0,845.0,144.0,351.0,19.0,35.0,41.0,88.0,445.0,1246.0,29.0,90.0,105.0,331.0,1793.0,3399.0,589.0,1597.0,1105.0,6458.0,6407.0,262.0,462.0,48.0,125.0,120.0,788.0,437.0,818.0,146.0,419.0,408.0,1720.0,1742.0,1844.0,1482.0,285.0,306.0,1.0,20.0,1225.0,444.0,268.0,871.0,494.0,1365.0,356.0,138.0,584.0,111.0,176.0,3224.0,229.0,483.0,16.0,609.0,1255.0,135.0,1999.0,728.0,2727.0,65.0,446.0,285.0,161.0,503.0,107.0,307.0,380.0,59.0,196.0,59.0,883.0,66.0,220.0,647.0,1252.0,1.0,68.0,58.0,1426.0,119.0,21.0,581.0,29.0,146.0,309.0,4.0,2.0,224.0,2.0,12.0,73.0,313.0,171.0,16.0,2.0,7.0,20.0,5670.0,1666.0,1493.0,125.0,0.4857780256553263,0.5310975609756098,0.8387096774193549,0.3688165309956168,0.384,0.3484486873508353,0.37285986049461,0.5275080906148867,0.5670995670995671,0.5342298288508558,0.535728582866293,0.5689948892674617,0.5303152789005658,0.572431567721294,0.5962121212121212,0.5797297297297297,0.3196557245796637,0.0788467196234186,0.1108531630876378,0.0794223826714801,0.0130177514792899,0.5696489241223103,0.8766233766233766,0.1095890410958904,0.6636700158646219,0.3053097345132743,0.7399756986634265,0.240041928721174,0.6868091378039793,0.2807570977917981,0.3739837398373983,0.3020408163265306,0.220125786163522,0.2486702127659574,0.2079207920792079,0.5885093167701864,0.6835871404399323,0.7195121951219512,0.7568,0.6868686868686869,0.028735632183908,94.43388072601556,0.5463258785942492,14.998787878787878,15.499478985758945,14.352727272727272,14.691385897881208,0.3448759007205764,0.6401625072547882,0.7199738903394256,0.5294650951949229,0.1663330664531625,0.4043321299638989,0.4392156862745098,0.3303571428571428,0.1691353082465972,0.4189349112426035,0.4244604316546763,0.4971751412429379,0.0702562049639711,0.4102564102564102,0.4137931034482758,0.9583333333333334,0.2493995196156925,0.3571428571428571,0.3591606133979015,0.8,0.5792163543441227,0.6323529411764706,0.1767441860465116,0.059625212947189,0.5428571428571428,0.8421052631578947,0.1533219761499148,0.3222222222222222,0.896551724137931,0.3322554567502021,0.6423357664233577,0.0711398544866612,0.4659090909090909,0.2675828617623282,0.3172205438066465,0.6645316253002402,0.3624489795918367,0.5238520112630733,0.5449524608501118,0.5120035743631877,0.1113138686131386,0.1504791504791504,0.0179122915379864,0.1220192009910188,0.2663363270362341,7.287113857016766,25.295616781465256,0.264069264069264,False,10.0,7.0,0.0062617407639323,0.0085470085470085,0.0056179775280898,201575,1610612750,2017,2016-17,True,1249.0,62.0,11.0,83.0,87.0,60.0,22.0,45.0,56.0,,
61796.0,1030.0,40.0,2033.0,2022.0,386.0,484.0,238.0,4055.0,397.0,627.0,73.0,122.0,73.0,115.0,145.0,299.0,100.0,291.0,61.0,147.0,7.0,16.0,8.0,26.0,161.0,469.0,20.0,44.0,20.0,75.0,642.0,1217.0,222.0,616.0,340.0,2290.0,2250.0,95.0,176.0,27.0,60.0,37.0,308.0,103.0,207.0,28.0,101.0,110.0,400.0,666.0,618.0,594.0,72.0,118.0,,3.0,466.0,161.0,87.0,333.0,198.0,531.0,141.0,57.0,222.0,55.0,56.0,1260.0,89.0,177.0,10.0,196.0,451.0,46.0,693.0,276.0,969.0,34.0,183.0,122.0,61.0,151.0,33.0,94.0,135.0,24.0,57.0,18.0,286.0,21.0,58.0,232.0,429.0,,24.0,20.0,455.0,52.0,9.0,198.0,13.0,32.0,100.0,,,71.0,,3.0,26.0,100.0,59.0,6.0,2.0,5.0,5.0,1982.0,391.0,379.0,37.0,0.5186915887850467,0.5711835334476844,0.8918918918918919,0.3603896103896103,0.45,0.2772277227722772,0.3621533442088091,0.5275267050123253,0.5397727272727273,0.4975845410628019,0.5319148936170213,0.5741525423728814,0.4707792207792208,0.5637351778656127,0.6015625,0.5349462365591398,0.3360611020185488,0.0714872637633525,0.098883572567783,0.060200668896321,0.0240549828178694,0.527972027972028,0.9019607843137256,0.1694915254237288,0.6970633693972179,0.3127208480565371,0.7716535433070866,0.2305699481865284,0.7180910099889012,0.2794117647058823,0.3771929824561403,0.2582781456953642,0.2780748663101604,0.2159468438538206,0.2823529411764706,0.6442307692307693,0.6954022988505747,0.7396226415094339,0.8047337278106509,0.7058823529411765,0.0395348837209302,94.49155285131724,0.59,14.63157894736842,15.850642927794263,13.945892769306443,15.199307616221564,0.3420621931260229,0.6331738437001595,0.7026548672566372,0.5591939546599496,0.1631205673758865,0.4849498327759197,0.5160142348754448,0.3793103448275862,0.1587561374795417,0.3436426116838488,0.352112676056338,0.56,0.0801963993453355,0.4149659863945578,0.4149659863945578,0.9344262295081968,0.2558647026732133,0.3432835820895522,0.3469827586206896,0.8757763975155279,0.5169491525423728,0.5983606557377049,0.1917808219178082,0.0677966101694915,0.4375,0.7142857142857143,0.1864406779661017,0.4545454545454545,0.95,0.3733766233766233,0.6347826086956522,0.0844155844155844,0.3076923076923077,0.2435064935064935,0.2666666666666666,0.6781232951445717,0.3454935622317596,0.530446555494806,0.5361943113772455,0.5281452459016395,0.1059236947791164,0.1452677916360968,0.0206677265500794,0.1344978165938864,0.1746724890829694,7.163763352506163,24.95844155844156,0.189867191342843,True,5.0,,0.0081168831168831,,0.0106609808102345,201575,1610612750,2017,2016-17,True,396.0,24.0,6.0,22.0,22.0,18.0,17.0,11.0,23.0,,
175864.0,2931.0,51.0,5775.0,5758.0,1525.0,1594.0,643.0,11533.0,1103.0,1723.0,215.0,340.0,264.0,411.0,336.0,831.0,354.0,845.0,144.0,351.0,19.0,35.0,41.0,88.0,445.0,1246.0,29.0,90.0,105.0,331.0,1793.0,3399.0,589.0,1597.0,1105.0,6458.0,6407.0,262.0,462.0,48.0,125.0,120.0,788.0,437.0,818.0,146.0,419.0,408.0,1720.0,1742.0,1844.0,1482.0,285.0,306.0,1.0,20.0,1225.0,444.0,268.0,871.0,494.0,1365.0,356.0,138.0,584.0,111.0,176.0,3224.0,229.0,483.0,16.0,609.0,1255.0,135.0,1999.0,728.0,2727.0,65.0,446.0,285.0,161.0,503.0,107.0,307.0,380.0,59.0,196.0,59.0,883.0,66.0,220.0,647.0,1252.0,1.0,68.0,58.0,1426.0,119.0,21.0,581.0,29.0,146.0,309.0,4.0,2.0,224.0,2.0,12.0,73.0,313.0,171.0,16.0,2.0,7.0,20.0,5670.0,1666.0,1493.0,125.0,0.4857780256553263,0.5310975609756098,0.8387096774193549,0.3688165309956168,0.384,0.3484486873508353,0.37285986049461,0.5275080906148867,0.5670995670995671,0.5342298288508558,0.535728582866293,0.5689948892674617,0.5303152789005658,0.572431567721294,0.5962121212121212,0.5797297297297297,0.3196557245796637,0.0788467196234186,0.1108531630876378,0.0794223826714801,0.0130177514792899,0.5696489241223103,0.8766233766233766,0.1095890410958904,0.6636700158646219,0.3053097345132743,0.7399756986634265,0.240041928721174,0.6868091378039793,0.2807570977917981,0.3739837398373983,0.3020408163265306,0.220125786163522,0.2486702127659574,0.2079207920792079,0.5885093167701864,0.6835871404399323,0.7195121951219512,0.7568,0.6868686868686869,0.028735632183908,94.43388072601556,0.5463258785942492,14.998787878787878,15.499478985758945,14.352727272727272,14.691385897881208,0.3448759007205764,0.6401625072547882,0.7199738903394256,0.5294650951949229,0.1663330664531625,0.4043321299638989,0.4392156862745098,0.3303571428571428,0.1691353082465972,0.4189349112426035,0.4244604316546763,0.4971751412429379,0.0702562049639711,0.4102564102564102,0.4137931034482758,0.9583333333333334,0.2493995196156925,0.3571428571428571,0.3591606133979015,0.8,0.5792163543441227,0.6323529411764706,0.1767441860465116,0.059625212947189,0.5428571428571428,0.8421052631578947,0.1533219761499148,0.3222222222222222,0.896551724137931,0.3322554567502021,0.6423357664233577,0.0711398544866612,0.4659090909090909,0.2675828617623282,0.3172205438066465,0.6645316253002402,0.3624489795918367,0.5238520112630733,0.5449524608501118,0.5120035743631877,0.1113138686131386,0.1504791504791504,0.0179122915379864,0.1220192009910188,0.2663363270362341,7.287113857016766,25.295616781465256,0.264069264069264,False,10.0,7.0,0.0062617407639323,0.0085470085470085,0.0056179775280898,201575,1610612750,2017,2016-17,True,1249.0,62.0,11.0,83.0,87.0,60.0,22.0,45.0,56.0,,
61796.0,1030.0,40.0,2033.0,2022.0,386.0,484.0,238.0,4055.0,397.0,627.0,73.0,122.0,73.0,115.0,145.0,299.0,100.0,291.0,61.0,147.0,7.0,16.0,8.0,26.0,161.0,469.0,20.0,44.0,20.0,75.0,642.0,1217.0,222.0,616.0,340.0,2290.0,2250.0,95.0,176.0,27.0,60.0,37.0,308.0,103.0,207.0,28.0,101.0,110.0,400.0,666.0,618.0,594.0,72.0,118.0,,3.0,466.0,161.0,87.0,333.0,198.0,531.0,141.0,57.0,222.0,55.0,56.0,1260.0,89.0,177.0,10.0,196.0,451.0,46.0,693.0,276.0,969.0,34.0,183.0,122.0,61.0,151.0,33.0,94.0,135.0,24.0,57.0,18.0,286.0,21.0,58.0,232.0,429.0,,24.0,20.0,455.0,52.0,9.0,198.0,13.0,32.0,100.0,,,71.0,,3.0,26.0,100.0,59.0,6.0,2.0,5.0,5.0,1982.0,391.0,379.0,37.0,0.5186915887850467,0.5711835334476844,0.8918918918918919,0.3603896103896103,0.45,0.2772277227722772,0.3621533442088091,0.5275267050123253,0.5397727272727273,0.4975845410628019,0.5319148936170213,0.5741525423728814,0.4707792207792208,0.5637351778656127,0.6015625,0.5349462365591398,0.3360611020185488,0.0714872637633525,0.098883572567783,0.060200668896321,0.0240549828178694,0.527972027972028,0.9019607843137256,0.1694915254237288,0.6970633693972179,0.3127208480565371,0.7716535433070866,0.2305699481865284,0.7180910099889012,0.2794117647058823,0.3771929824561403,0.2582781456953642,0.2780748663101604,0.2159468438538206,0.2823529411764706,0.6442307692307693,0.6954022988505747,0.7396226415094339,0.8047337278106509,0.7058823529411765,0.0395348837209302,94.49155285131724,0.59,14.63157894736842,15.850642927794263,13.945892769306443,15.199307616221564,0.3420621931260229,0.6331738437001595,0.7026548672566372,0.5591939546599496,0.1631205673758865,0.4849498327759197,0.5160142348754448,0.3793103448275862,0.1587561374795417,0.3436426116838488,0.352112676056338,0.56,0.0801963993453355,0.4149659863945578,0.4149659863945578,0.9344262295081968,0.2558647026732133,0.3432835820895522,0.3469827586206896,0.8757763975155279,0.5169491525423728,0.5983606557377049,0.1917808219178082,0.0677966101694915,0.4375,0.7142857142857143,0.1864406779661017,0.4545454545454545,0.95,0.3733766233766233,0.6347826086956522,0.0844155844155844,0.3076923076923077,0.2435064935064935,0.2666666666666666,0.6781232951445717,0.3454935622317596,0.530446555494806,0.5361943113772455,0.5281452459016395,0.1059236947791164,0.1452677916360968,0.0206677265500794,0.1344978165938864,0.1746724890829694,7.163763352506163,24.95844155844156,0.189867191342843,True,5.0,,0.0081168831168831,,0.0106609808102345,201575,1610612750,2017,2016-17,True,396.0,24.0,6.0,22.0,22.0,18.0,17.0,11.0,23.0,,
175864.0,2931.0,51.0,5775.0,5758.0,1525.0,1594.0,643.0,11533.0,1103.0,1723.0,215.0,340.0,264.0,411.0,336.0,831.0,354.0,845.0,144.0,351.0,19.0,35.0,41.0,88.0,445.0,1246.0,29.0,90.0,105.0,331.0,1793.0,3399.0,589.0,1597.0,1105.0,6458.0,6407.0,262.0,462.0,48.0,125.0,120.0,788.0,437.0,818.0,146.0,419.0,408.0,1720.0,1742.0,1844.0,1482.0,285.0,306.0,1.0,20.0,1225.0,444.0,268.0,871.0,494.0,1365.0,356.0,138.0,584.0,111.0,176.0,3224.0,229.0,483.0,16.0,609.0,1255.0,135.0,1999.0,728.0,2727.0,65.0,446.0,285.0,161.0,503.0,107.0,307.0,380.0,59.0,196.0,59.0,883.0,66.0,220.0,647.0,1252.0,1.0,68.0,58.0,1426.0,119.0,21.0,581.0,29.0,146.0,309.0,4.0,2.0,224.0,2.0,12.0,73.0,313.0,171.0,16.0,2.0,7.0,20.0,5670.0,1666.0,1493.0,125.0,0.4857780256553263,0.5310975609756098,0.8387096774193549,0.3688165309956168,0.384,0.3484486873508353,0.37285986049461,0.5275080906148867,0.5670995670995671,0.5342298288508558,0.535728582866293,0.5689948892674617,0.5303152789005658,0.572431567721294,0.5962121212121212,0.5797297297297297,0.3196557245796637,0.0788467196234186,0.1108531630876378,0.0794223826714801,0.0130177514792899,0.5696489241223103,0.8766233766233766,0.1095890410958904,0.6636700158646219,0.3053097345132743,0.7399756986634265,0.240041928721174,0.6868091378039793,0.2807570977917981,0.3739837398373983,0.3020408163265306,0.220125786163522,0.2486702127659574,0.2079207920792079,0.5885093167701864,0.6835871404399323,0.7195121951219512,0.7568,0.6868686868686869,0.028735632183908,94.43388072601556,0.5463258785942492,14.998787878787878,15.499478985758945,14.352727272727272,14.691385897881208,0.3448759007205764,0.6401625072547882,0.7199738903394256,0.5294650951949229,0.1663330664531625,0.4043321299638989,0.4392156862745098,0.3303571428571428,0.1691353082465972,0.4189349112426035,0.4244604316546763,0.4971751412429379,0.0702562049639711,0.4102564102564102,0.4137931034482758,0.9583333333333334,0.2493995196156925,0.3571428571428571,0.3591606133979015,0.8,0.5792163543441227,0.6323529411764706,0.1767441860465116,0.059625212947189,0.5428571428571428,0.8421052631578947,0.1533219761499148,0.3222222222222222,0.896551724137931,0.3322554567502021,0.6423357664233577,0.0711398544866612,0.4659090909090909,0.2675828617623282,0.3172205438066465,0.6645316253002402,0.3624489795918367,0.5238520112630733,0.5449524608501118,0.5120035743631877,0.1113138686131386,0.1504791504791504,0.0179122915379864,0.1220192009910188,0.2663363270362341,7.287113857016766,25.295616781465256,0.264069264069264,False,10.0,7.0,0.0062617407639323,0.0085470085470085,0.0056179775280898,201575,1610612750,2017,2016-17,True,1249.0,62.0,11.0,83.0,87.0,60.0,22.0,45.0,56.0,,
61796.0,1030.0,40.0,2033.0,2022.0,386.0,484.0,238.0,4055.0,397.0,627.0,73.0,122.0,73.0,115.0,145.0,299.0,100.0,291.0,61.0,147.0,7.0,16.0,8.0,26.0,161.0,469.0,20.0,44.0,20.0,75.0,642.0,1217.0,222.0,616.0,340.0,2290.0,2250.0,95.0,176.0,27.0,60.0,37.0,308.0,103.0,207.0,28.0,101.0,110.0,400.0,666.0,618.0,594.0,72.0,118.0,,3.0,466.0,161.0,87.0,333.0,198.0,531.0,141.0,57.0,222.0,55.0,56.0,1260.0,89.0,177.0,10.0,196.0,451.0,46.0,693.0,276.0,969.0,34.0,183.0,122.0,61.0,151.0,33.0,94.0,135.0,24.0,57.0,18.0,286.0,21.0,58.0,232.0,429.0,,24.0,20.0,455.0,52.0,9.0,198.0,13.0,32.0,100.0,,,71.0,,3.0,26.0,100.0,59.0,6.0,2.0,5.0,5.0,1982.0,391.0,379.0,37.0,0.5186915887850467,0.5711835334476844,0.8918918918918919,0.3603896103896103,0.45,0.2772277227722772,0.3621533442088091,0.5275267050123253,0.5397727272727273,0.4975845410628019,0.5319148936170213,0.5741525423728814,0.4707792207792208,0.5637351778656127,0.6015625,0.5349462365591398,0.3360611020185488,0.0714872637633525,0.098883572567783,0.060200668896321,0.0240549828178694,0.527972027972028,0.9019607843137256,0.1694915254237288,0.6970633693972179,0.3127208480565371,0.7716535433070866,0.2305699481865284,0.7180910099889012,0.2794117647058823,0.3771929824561403,0.2582781456953642,0.2780748663101604,0.2159468438538206,0.2823529411764706,0.6442307692307693,0.6954022988505747,0.7396226415094339,0.8047337278106509,0.7058823529411765,0.0395348837209302,94.49155285131724,0.59,14.63157894736842,15.850642927794263,13.945892769306443,15.199307616221564,0.3420621931260229,0.6331738437001595,0.7026548672566372,0.5591939546599496,0.1631205673758865,0.4849498327759197,0.5160142348754448,0.3793103448275862,0.1587561374795417,0.3436426116838488,0.352112676056338,0.56,0.0801963993453355,0.4149659863945578,0.4149659863945578,0.9344262295081968,0.2558647026732133,0.3432835820895522,0.3469827586206896,0.8757763975155279,0.5169491525423728,0.5983606557377049,0.1917808219178082,0.0677966101694915,0.4375,0.7142857142857143,0.1864406779661017,0.4545454545454545,0.95,0.3733766233766233,0.6347826086956522,0.0844155844155844,0.3076923076923077,0.2435064935064935,0.2666666666666666,0.6781232951445717,0.3454935622317596,0.530446555494806,0.5361943113772455,0.5281452459016395,0.1059236947791164,0.1452677916360968,0.0206677265500794,0.1344978165938864,0.1746724890829694,7.163763352506163,24.95844155844156,0.189867191342843,True,5.0,,0.0081168831168831,,0.0106609808102345,201575,1610612750,2017,2016-17,True,396.0,24.0,6.0,22.0,22.0,18.0,17.0,11.0,23.0,,
175864.0,2931.0,51.0,5775.0,5758.0,1525.0,1594.0,643.0,11533.0,1103.0,1723.0,215.0,340.0,264.0,411.0,336.0,831.0,354.0,845.0,144.0,351.0,19.0,35.0,41.0,88.0,445.0,1246.0,29.0,90.0,105.0,331.0,1793.0,3399.0,589.0,1597.0,1105.0,6458.0,6407.0,262.0,462.0,48.0,125.0,120.0,788.0,437.0,818.0,146.0,419.0,408.0,1720.0,1742.0,1844.0,1482.0,285.0,306.0,1.0,20.0,1225.0,444.0,268.0,871.0,494.0,1365.0,356.0,138.0,584.0,111.0,176.0,3224.0,229.0,483.0,16.0,609.0,1255.0,135.0,1999.0,728.0,2727.0,65.0,446.0,285.0,161.0,503.0,107.0,307.0,380.0,59.0,196.0,59.0,883.0,66.0,220.0,647.0,1252.0,1.0,68.0,58.0,1426.0,119.0,21.0,581.0,29.0,146.0,309.0,4.0,2.0,224.0,2.0,12.0,73.0,313.0,171.0,16.0,2.0,7.0,20.0,5670.0,1666.0,1493.0,125.0,0.4857780256553263,0.5310975609756098,0.8387096774193549,0.3688165309956168,0.384,0.3484486873508353,0.37285986049461,0.5275080906148867,0.5670995670995671,0.5342298288508558,0.535728582866293,0.5689948892674617,0.5303152789005658,0.572431567721294,0.5962121212121212,0.5797297297297297,0.3196557245796637,0.0788467196234186,0.1108531630876378,0.0794223826714801,0.0130177514792899,0.5696489241223103,0.8766233766233766,0.1095890410958904,0.6636700158646219,0.3053097345132743,0.7399756986634265,0.240041928721174,0.6868091378039793,0.2807570977917981,0.3739837398373983,0.3020408163265306,0.220125786163522,0.2486702127659574,0.2079207920792079,0.5885093167701864,0.6835871404399323,0.7195121951219512,0.7568,0.6868686868686869,0.028735632183908,94.43388072601556,0.5463258785942492,14.998787878787878,15.499478985758945,14.352727272727272,14.691385897881208,0.3448759007205764,0.6401625072547882,0.7199738903394256,0.5294650951949229,0.1663330664531625,0.4043321299638989,0.4392156862745098,0.3303571428571428,0.1691353082465972,0.4189349112426035,0.4244604316546763,0.4971751412429379,0.0702562049639711,0.4102564102564102,0.4137931034482758,0.9583333333333334,0.2493995196156925,0.3571428571428571,0.3591606133979015,0.8,0.5792163543441227,0.6323529411764706,0.1767441860465116,0.059625212947189,0.5428571428571428,0.8421052631578947,0.1533219761499148,0.3222222222222222,0.896551724137931,0.3322554567502021,0.6423357664233577,0.0711398544866612,0.4659090909090909,0.2675828617623282,0.3172205438066465,0.6645316253002402,0.3624489795918367,0.5238520112630733,0.5449524608501118,0.5120035743631877,0.1113138686131386,0.1504791504791504,0.0179122915379864,0.1220192009910188,0.2663363270362341,7.287113857016766,25.295616781465256,0.264069264069264,False,10.0,7.0,0.0062617407639323,0.0085470085470085,0.0056179775280898,201575,1610612750,2017,2016-17,True,1249.0,62.0,11.0,83.0,87.0,60.0,22.0,45.0,56.0,,
61796.0,1030.0,40.0,2033.0,2022.0,386.0,484.0,238.0,4055.0,397.0,627.0,73.0,122.0,73.0,115.0,145.0,299.0,100.0,291.0,61.0,147.0,7.0,16.0,8.0,26.0,161.0,469.0,20.0,44.0,20.0,75.0,642.0,1217.0,222.0,616.0,340.0,2290.0,2250.0,95.0,176.0,27.0,60.0,37.0,308.0,103.0,207.0,28.0,101.0,110.0,400.0,666.0,618.0,594.0,72.0,118.0,,3.0,466.0,161.0,87.0,333.0,198.0,531.0,141.0,57.0,222.0,55.0,56.0,1260.0,89.0,177.0,10.0,196.0,451.0,46.0,693.0,276.0,969.0,34.0,183.0,122.0,61.0,151.0,33.0,94.0,135.0,24.0,57.0,18.0,286.0,21.0,58.0,232.0,429.0,,24.0,20.0,455.0,52.0,9.0,198.0,13.0,32.0,100.0,,,71.0,,3.0,26.0,100.0,59.0,6.0,2.0,5.0,5.0,1982.0,391.0,379.0,37.0,0.5186915887850467,0.5711835334476844,0.8918918918918919,0.3603896103896103,0.45,0.2772277227722772,0.3621533442088091,0.5275267050123253,0.5397727272727273,0.4975845410628019,0.5319148936170213,0.5741525423728814,0.4707792207792208,0.5637351778656127,0.6015625,0.5349462365591398,0.3360611020185488,0.0714872637633525,0.098883572567783,0.060200668896321,0.0240549828178694,0.527972027972028,0.9019607843137256,0.1694915254237288,0.6970633693972179,0.3127208480565371,0.7716535433070866,0.2305699481865284,0.7180910099889012,0.2794117647058823,0.3771929824561403,0.2582781456953642,0.2780748663101604,0.2159468438538206,0.2823529411764706,0.6442307692307693,0.6954022988505747,0.7396226415094339,0.8047337278106509,0.7058823529411765,0.0395348837209302,94.49155285131724,0.59,14.63157894736842,15.850642927794263,13.945892769306443,15.199307616221564,0.3420621931260229,0.6331738437001595,0.7026548672566372,0.5591939546599496,0.1631205673758865,0.4849498327759197,0.5160142348754448,0.3793103448275862,0.1587561374795417,0.3436426116838488,0.352112676056338,0.56,0.0801963993453355,0.4149659863945578,0.4149659863945578,0.9344262295081968,0.2558647026732133,0.3432835820895522,0.3469827586206896,0.8757763975155279,0.5169491525423728,0.5983606557377049,0.1917808219178082,0.0677966101694915,0.4375,0.7142857142857143,0.1864406779661017,0.4545454545454545,0.95,0.3733766233766233,0.6347826086956522,0.0844155844155844,0.3076923076923077,0.2435064935064935,0.2666666666666666,0.6781232951445717,0.3454935622317596,0.530446555494806,0.5361943113772455,0.5281452459016395,0.1059236947791164,0.1452677916360968,0.0206677265500794,0.1344978165938864,0.1746724890829694,7.163763352506163,24.95844155844156,0.189867191342843,True,5.0,,0.0081168831168831,,0.0106609808102345,201575,1610612750,2017,2016-17,True,396.0,24.0,6.0,22.0,22.0,18.0,17.0,11.0,23.0,,
175864.0,2931.0,51.0,5775.0,5758.0,1525.0,1594.0,643.0,11533.0,1103.0,1723.0,215.0,340.0,264.0,411.0,336.0,831.0,354.0,845.0,144.0,351.0,19.0,35.0,41.0,88.0,445.0,1246.0,29.0,90.0,105.0,331.0,1793.0,3399.0,589.0,1597.0,1105.0,6458.0,6407.0,262.0,462.0,48.0,125.0,120.0,788.0,437.0,818.0,146.0,419.0,408.0,1720.0,1742.0,1844.0,1482.0,285.0,306.0,1.0,20.0,1225.0,444.0,268.0,871.0,494.0,1365.0,356.0,138.0,584.0,111.0,176.0,3224.0,229.0,483.0,16.0,609.0,1255.0,135.0,1999.0,728.0,2727.0,65.0,446.0,285.0,161.0,503.0,107.0,307.0,380.0,59.0,196.0,59.0,883.0,66.0,220.0,647.0,1252.0,1.0,68.0,58.0,1426.0,119.0,21.0,581.0,29.0,146.0,309.0,4.0,2.0,224.0,2.0,12.0,73.0,313.0,171.0,16.0,2.0,7.0,20.0,5670.0,1666.0,1493.0,125.0,0.4857780256553263,0.5310975609756098,0.8387096774193549,0.3688165309956168,0.384,0.3484486873508353,0.37285986049461,0.5275080906148867,0.5670995670995671,0.5342298288508558,0.535728582866293,0.5689948892674617,0.5303152789005658,0.572431567721294,0.5962121212121212,0.5797297297297297,0.3196557245796637,0.0788467196234186,0.1108531630876378,0.0794223826714801,0.0130177514792899,0.5696489241223103,0.8766233766233766,0.1095890410958904,0.6636700158646219,0.3053097345132743,0.7399756986634265,0.240041928721174,0.6868091378039793,0.2807570977917981,0.3739837398373983,0.3020408163265306,0.220125786163522,0.2486702127659574,0.2079207920792079,0.5885093167701864,0.6835871404399323,0.7195121951219512,0.7568,0.6868686868686869,0.028735632183908,94.43388072601556,0.5463258785942492,14.998787878787878,15.499478985758945,14.352727272727272,14.691385897881208,0.3448759007205764,0.6401625072547882,0.7199738903394256,0.5294650951949229,0.1663330664531625,0.4043321299638989,0.4392156862745098,0.3303571428571428,0.1691353082465972,0.4189349112426035,0.4244604316546763,0.4971751412429379,0.0702562049639711,0.4102564102564102,0.4137931034482758,0.9583333333333334,0.2493995196156925,0.3571428571428571,0.3591606133979015,0.8,0.5792163543441227,0.6323529411764706,0.1767441860465116,0.059625212947189,0.5428571428571428,0.8421052631578947,0.1533219761499148,0.3222222222222222,0.896551724137931,0.3322554567502021,0.6423357664233577,0.0711398544866612,0.4659090909090909,0.2675828617623282,0.3172205438066465,0.6645316253002402,0.3624489795918367,0.5238520112630733,0.5449524608501118,0.5120035743631877,0.1113138686131386,0.1504791504791504,0.0179122915379864,0.1220192009910188,0.2663363270362341,7.287113857016766,25.295616781465256,0.264069264069264,False,10.0,7.0,0.0062617407639323,0.0085470085470085,0.0056179775280898,201575,1610612750,2017,2016-17,True,1249.0,62.0,11.0,83.0,87.0,60.0,22.0,45.0,56.0,,
