SecondsPlayed,Minutes,PlusMinus,OffPoss,DefPoss,PenaltyOffPoss,PenaltyDefPoss,SecondChanceOffPoss,TotalPoss,AtRimFGM,AtRimFGA,SecondChanceAtRimFGM,SecondChanceAtRimFGA,PenaltyAtRimFGM,PenaltyAtRimFGA,ShortMidRangeFGM,ShortMidRangeFGA,LongMidRangeFGM,LongMidRangeFGA,Corner3FGM,Corner3FGA,SecondChanceCorner3FGM,SecondChanceCorner3FGA,PenaltyCorner3FGM,PenaltyCorner3FGA,Arc3FGM,Arc3FGA,SecondChanceArc3FGM,SecondChanceArc3FGA,PenaltyArc3FGM,PenaltyArc3FGA,FG2M,FG2A,FG3M,FG3A,FtPoints,Points,OpponentPoints,SecondChanceFG2M,SecondChanceFG2A,SecondChanceFG3M,SecondChanceFG3A,SecondChanceFtPoints,SecondChancePoints,PenaltyFG2M,PenaltyFG2A,PenaltyFG3M,PenaltyFG3A,PenaltyFtPoints,PenaltyPoints,PtsAssisted2s,PtsUnassisted2s,PtsAssisted3s,PtsUnassisted3s,PtsPutbacks,HeaveMakes,HeaveAttempts,NonHeaveArc3FGA,NonHeaveArc3FGM,Fg2aBlocked,TwoPtAssists,ThreePtAssists,Assists,Arc3Assists,Corner3Assists,AtRimAssists,ShortMidRangeAssists,LongMidRangeAssists,AssistPoints,OffThreePtRebounds,OffTwoPtRebounds,FTOffRebounds,DefThreePtRebounds,DefTwoPtRebounds,FTDefRebounds,DefRebounds,OffRebounds,Rebounds,SelfOReb,Steals,BadPassSteals,LostBallSteals,LiveBallTurnovers,BadPassOutOfBoundsTurnovers,BadPassTurnovers,DeadBallTurnovers,LostBallOutOfBoundsTurnovers,LostBallTurnovers,Travels,Turnovers,SecondChanceTurnovers,PenaltyTurnovers,ShootingFouls,Fouls,Clear Path Fouls,Loose Ball Fouls,Offensive Fouls,FTA,2pt And 1 Free Throw Trips,Technical Free Throw Trips,TwoPtShootingFoulsDrawn,ThreePtShootingFoulsDrawn,NonShootingFoulsDrawn,Blocked2s,Blocked3s,BlockedArc3,BlockedAtRim,BlockedCorner3,BlockedLongMidRange,BlockedShortMidRange,Blocks,RecoveredBlocks,DefensiveGoaltends,OffensiveGoaltends,3SecondViolations,Defensive 3 Seconds Violations,FirstChancePoints,PenaltyPointsExcludingTakeFouls,PenaltyOffPossExcludingTakeFouls,NonShootingPenaltyNonTakeFouls,Assisted2sPct,NonPutbacksAssisted2sPct,Assisted3sPct,Fg3Pct,SecondChanceFg3Pct,PenaltyFg3Pct,NonHeaveFg3Pct,Fg2Pct,SecondChanceFg2Pct,PenaltyFg2Pct,EfgPct,SecondChanceEfgPct,PenaltyEfgPct,TsPct,SecondChanceTsPct,PenaltyTsPct,FG3APct,FG2APctBlocked,AtRimPctBlocked,ShortMidRangePctBlocked,LongMidRangePctBlocked,LiveBallTurnoverPct,DefFTReboundPct,OffFTReboundPct,DefTwoPtReboundPct,OffTwoPtReboundPct,DefThreePtReboundPct,OffThreePtReboundPct,DefFGReboundPct,OffFGReboundPct,OffAtRimReboundPct,OffShortMidRangeReboundPct,OffLongMidRangeReboundPct,OffArc3ReboundPct,OffCorner3ReboundPct,DefAtRimReboundPct,DefShortMidRangeReboundPct,DefLongMidRangeReboundPct,DefArc3ReboundPct,DefCorner3ReboundPct,SelfORebPct,Pace,BlocksRecoveredPct,SecondsPerPossOff,SecondsPerPossDef,SecondsExcludingORebsPerPossOff,SecondsExcludingORebsPerPossDef,AtRimFrequency,AtRimAccuracy,UnblockedAtRimAccuracy,AtRimPctAssisted,ShortMidRangeFrequency,ShortMidRangeAccuracy,UnblockedShortMidRangeAccuracy,ShortMidRangePctAssisted,LongMidRangeFrequency,LongMidRangeAccuracy,UnblockedLongMidRangeAccuracy,LongMidRangePctAssisted,Corner3Frequency,Corner3Accuracy,UnblockedCorner3Accuracy,Corner3PctAssisted,Arc3Frequency,Arc3Accuracy,UnblockedArc3Accuracy,Arc3PctAssisted,SecondChanceAtRimFrequency,SecondChanceAtRimAccuracy,SecondChanceAtRimPctAssisted,SecondChanceCorner3Frequency,SecondChanceCorner3Accuracy,SecondChanceCorner3PctAssisted,SecondChanceArc3Frequency,SecondChanceArc3Accuracy,SecondChanceArc3PctAssisted,PenaltyAtRimFrequency,PenaltyAtRimAccuracy,PenaltyCorner3Frequency,PenaltyCorner3Accuracy,PenaltyArc3Frequency,PenaltyArc3Accuracy,AtRimFG3AFrequency,NonHeaveArc3Accuracy,ShotQualityAvg,SecondChanceShotQualityAvg,PenaltyShotQualityAvg,ShootingFoulsDrawnPct,TwoPtShootingFoulsDrawnPct,ThreePtShootingFoulsDrawnPct,SecondChancePointsPct,PenaltyPointsPct,Avg2ptShotDistance,Avg3ptShotDistance,PenaltyOffPossPct,player_on,Fg3aBlocked,3pt And 1 Free Throw Trips,FG3APctBlocked,Corner3PctBlocked,Arc3PctBlocked,player_id,team_id,year,season,player_vs,FoulsDrawn,Offensive Fouls Drawn,StepOutOfBoundsTurnovers,Loose Ball Fouls Drawn,NonShootingPenaltyNonTakeFoulsDrawn,BlockingFouls,Charge Fouls,Charge Fouls Drawn,BlockingFoulsDrawn,Transition Take Fouls,Transition Take Fouls Drawn
52461.0,874.0,130.0,1647.0,1654.0,465.0,407.0,194.0,3301.0,299.0,488.0,55.0,100.0,74.0,122.0,102.0,266.0,125.0,321.0,37.0,96.0,4.0,7.0,5.0,19.0,82.0,252.0,5.0,11.0,24.0,80.0,526.0,1075.0,119.0,348.0,342.0,1751.0,1621.0,86.0,160.0,9.0,18.0,40.0,239.0,132.0,276.0,29.0,99.0,126.0,477.0,530.0,522.0,309.0,48.0,80.0,,3.0,249.0,82.0,109.0,265.0,103.0,368.0,69.0,34.0,150.0,38.0,77.0,839.0,47.0,165.0,10.0,83.0,397.0,59.0,539.0,222.0,761.0,30.0,155.0,90.0,65.0,143.0,21.0,83.0,112.0,7.0,60.0,25.0,255.0,22.0,70.0,238.0,408.0,,20.0,18.0,464.0,51.0,9.0,206.0,3.0,43.0,114.0,2.0,2.0,67.0,,10.0,37.0,116.0,63.0,3.0,3.0,3.0,8.0,1512.0,477.0,465.0,24.0,0.5038022813688213,0.5452674897119342,0.865546218487395,0.3419540229885057,0.5,0.2929292929292929,0.344927536231884,0.4893023255813953,0.5375,0.4782608695652174,0.4950808151791989,0.5589887640449438,0.468,0.5366379310344828,0.5920398009950248,0.5325112107623319,0.2445537596626844,0.1013953488372093,0.1290983606557377,0.1541353383458646,0.0155763239875389,0.5607843137254902,0.8676470588235294,0.1492537313432835,0.5890207715133531,0.3044280442804428,0.6747967479674797,0.2216981132075471,0.6022584692597239,0.2811671087533156,0.4095744680851064,0.3109756097560975,0.1947368421052631,0.2129032258064516,0.2456140350877192,0.5327102803738317,0.5930735930735931,0.6375545851528385,0.6736842105263158,0.6785714285714286,0.0467289719626168,90.6090238462858,0.5431034482758621,15.48876745598057,16.294437726723096,14.726168791742564,15.375453446191052,0.3429374560787069,0.6127049180327869,0.7035294117647058,0.5016722408026756,0.1869290231904427,0.3834586466165413,0.4533333333333333,0.3725490196078431,0.2255797610681658,0.3894080996884735,0.3955696202531645,0.616,0.0674631061138439,0.3854166666666667,0.3854166666666667,0.918918918918919,0.1770906535488405,0.3253968253968254,0.3293172690763052,0.8414634146341463,0.5617977528089888,0.55,0.109090909090909,0.0393258426966292,0.5714285714285714,1.0,0.0617977528089887,0.4545454545454545,1.0,0.3253333333333333,0.6065573770491803,0.0506666666666666,0.2631578947368421,0.2133333333333333,0.3,0.5874912157413914,0.3293172690763052,0.5012551833568405,0.505394256756757,0.4876595945945948,0.1321948134092346,0.1674796747967479,0.0085470085470085,0.136493432324386,0.2724157624214734,8.428372093023254,25.013793103448265,0.2823315118397085,True,3.0,,0.0086206896551724,,0.0119047619047619,202683,1610612762,2012,2011-12,True,412.0,22.0,5.0,14.0,35.0,9.0,14.0,16.0,4.0,,
141519.0,2359.0,-171.0,4510.0,4514.0,1296.0,1173.0,533.0,9024.0,773.0,1240.0,135.0,255.0,203.0,308.0,305.0,838.0,371.0,898.0,86.0,239.0,8.0,23.0,18.0,69.0,223.0,672.0,19.0,69.0,66.0,221.0,1449.0,2976.0,309.0,911.0,960.0,4785.0,4956.0,189.0,401.0,27.0,92.0,112.0,571.0,353.0,756.0,84.0,290.0,414.0,1372.0,1474.0,1424.0,750.0,177.0,200.0,,11.0,661.0,223.0,266.0,737.0,250.0,987.0,166.0,84.0,402.0,106.0,229.0,2224.0,145.0,466.0,21.0,302.0,1160.0,108.0,1570.0,632.0,2202.0,78.0,339.0,214.0,125.0,402.0,73.0,211.0,311.0,30.0,191.0,35.0,713.0,63.0,177.0,473.0,958.0,2.0,39.0,55.0,1263.0,104.0,23.0,506.0,15.0,148.0,257.0,2.0,2.0,151.0,,11.0,95.0,259.0,144.0,16.0,2.0,8.0,15.0,4214.0,1350.0,1284.0,116.0,0.5086266390614217,0.5463306152705708,0.8090614886731392,0.3391877058177827,0.2934782608695652,0.2896551724137931,0.3433333333333333,0.4868951612903225,0.4713216957605985,0.4669312169312169,0.4920246977103164,0.4655172413793103,0.4579349904397705,0.5357464028776978,0.5026455026455027,0.5270061728395061,0.2343709801903782,0.0893817204301075,0.1185483870967741,0.1312649164677804,0.010022271714922,0.5638148667601683,0.8709677419354839,0.1354838709677419,0.6728538283062645,0.3094289508632138,0.7626262626262627,0.2543859649122807,0.689622641509434,0.2943159922928709,0.4073275862068966,0.3244274809160305,0.2065637065637065,0.2386634844868735,0.2980132450331126,0.5835095137420718,0.6400651465798045,0.7708006279434851,0.765079365079365,0.7530864197530864,0.0431177446102819,91.82201683166218,0.555984555984556,15.324833702882485,16.039875941515287,14.586474501108649,15.27159946832078,0.3190120915873424,0.6233870967741936,0.707227813357731,0.5200517464424321,0.2155904296372524,0.3639618138424821,0.4189560439560439,0.3475409836065574,0.231026498585027,0.4131403118040089,0.4173228346456692,0.6172506738544474,0.0614870079753022,0.3598326359832636,0.3628691983122363,0.9767441860465116,0.1728839722150759,0.3318452380952381,0.3343328335832084,0.7443946188340808,0.5172413793103449,0.5294117647058824,0.2,0.0466531440162271,0.3478260869565217,0.875,0.1399594320486815,0.2753623188405797,0.7368421052631579,0.2944550669216061,0.6590909090909091,0.0659655831739961,0.2608695652173913,0.2112810707456979,0.2986425339366516,0.5533830717777206,0.3373676248108926,0.5027255033557048,0.5253224874371861,0.4919531853281853,0.1211627906976744,0.1497927767910006,0.0162689804772234,0.1193312434691745,0.2867293625914315,8.662701612903229,25.057628979143807,0.2873614190687361,False,7.0,4.0,0.0076838638858397,0.00836820083682,0.0074404761904761,202683,1610612762,2012,2011-12,True,1028.0,34.0,4.0,41.0,125.0,25.0,43.0,48.0,21.0,,
64656.0,1078.0,-116.0,2077.0,2087.0,549.0,589.0,268.0,4164.0,345.0,632.0,70.0,131.0,92.0,168.0,128.0,340.0,139.0,364.0,51.0,111.0,6.0,13.0,15.0,30.0,109.0,349.0,15.0,39.0,28.0,101.0,612.0,1336.0,160.0,460.0,400.0,2104.0,2220.0,94.0,197.0,21.0,52.0,47.0,298.0,142.0,324.0,43.0,131.0,130.0,543.0,580.0,644.0,384.0,96.0,96.0,,7.0,342.0,109.0,151.0,290.0,128.0,418.0,82.0,46.0,178.0,37.0,75.0,964.0,65.0,249.0,7.0,108.0,449.0,65.0,622.0,321.0,943.0,36.0,202.0,122.0,80.0,205.0,48.0,121.0,173.0,9.0,84.0,23.0,378.0,38.0,94.0,264.0,563.0,,38.0,46.0,532.0,52.0,19.0,230.0,8.0,45.0,135.0,5.0,4.0,85.0,1.0,4.0,46.0,140.0,66.0,10.0,4.0,4.0,10.0,1806.0,538.0,546.0,55.0,0.4738562091503268,0.5141843971631206,0.8,0.3478260869565217,0.4038461538461538,0.3282442748091603,0.3532008830022075,0.4580838323353293,0.4771573604060913,0.4382716049382716,0.4743875278396436,0.5040160642570282,0.4538461538461538,0.5160652496292635,0.5341726618705036,0.5055970149253731,0.2561247216035635,0.1130239520958083,0.1598101265822784,0.138235294117647,0.0082417582417582,0.5423280423280423,0.8333333333333334,0.1076923076923077,0.5719745222929936,0.3492286115007013,0.6033519553072626,0.2329749103942652,0.5778008298755186,0.3165322580645161,0.4090909090909091,0.3592233009708738,0.2624434389140271,0.2272727272727272,0.2542372881355932,0.4686192468619247,0.5778688524590164,0.6490066225165563,0.6131386861313869,0.5714285714285714,0.0430622009569378,92.73942093541204,0.4714285714285714,15.302359171882523,15.751317680881648,14.537794896485316,14.67225682798275,0.3518930957683742,0.5458860759493671,0.6497175141242938,0.5159420289855072,0.1893095768374164,0.3764705882352941,0.4368600682593856,0.2890625,0.2026726057906459,0.3818681318681318,0.3850415512465374,0.539568345323741,0.0618040089086859,0.4594594594594595,0.4636363636363636,0.9019607843137256,0.1943207126948775,0.3123209169054441,0.3168604651162791,0.7522935779816514,0.5261044176706827,0.5343511450381679,0.2428571428571428,0.0522088353413654,0.4615384615384615,0.6666666666666666,0.1566265060240964,0.3846153846153846,0.7333333333333333,0.3692307692307692,0.5476190476190477,0.0659340659340659,0.5,0.2219780219780219,0.2772277227722772,0.6080178173719376,0.3187134502923976,0.5067006711409396,0.5194091346153846,0.500465111111111,0.1203235591506572,0.1519154557463672,0.0172413793103448,0.1416349809885931,0.2580798479087453,7.943937125748503,25.19739130434783,0.2643235435724603,True,6.0,4.0,0.0130434782608695,0.009009009009009,0.0143266475644699,202683,1610612762,2013,2012-13,True,548.0,65.0,7.0,21.0,38.0,6.0,7.0,18.0,6.0,,
173904.0,2898.0,123.0,5457.0,5449.0,1613.0,1419.0,644.0,10906.0,992.0,1609.0,184.0,325.0,307.0,480.0,373.0,950.0,466.0,1142.0,134.0,311.0,8.0,26.0,35.0,96.0,266.0,742.0,22.0,69.0,69.0,215.0,1831.0,3701.0,400.0,1053.0,1079.0,5941.0,5818.0,256.0,516.0,30.0,95.0,125.0,727.0,496.0,975.0,104.0,311.0,488.0,1792.0,1860.0,1802.0,1023.0,177.0,256.0,,5.0,737.0,266.0,351.0,930.0,341.0,1271.0,210.0,131.0,515.0,128.0,287.0,2883.0,161.0,563.0,17.0,470.0,1382.0,127.0,1979.0,741.0,2720.0,79.0,438.0,270.0,168.0,485.0,90.0,246.0,343.0,39.0,239.0,37.0,828.0,67.0,253.0,484.0,1107.0,4.0,62.0,65.0,1421.0,115.0,22.0,556.0,12.0,184.0,331.0,9.0,8.0,204.0,1.0,18.0,109.0,340.0,199.0,7.0,3.0,11.0,14.0,5214.0,1764.0,1598.0,144.0,0.5079191698525396,0.546095126247798,0.8525,0.3798670465337132,0.3157894736842105,0.3344051446945337,0.3816793893129771,0.4947311537422318,0.4961240310077519,0.5087179487179487,0.5113588557004628,0.4926350245499181,0.5069984447900466,0.5496197365980338,0.532258064516129,0.5661811272957568,0.221497686159024,0.094839232639827,0.1342448725916718,0.1242105263157894,0.0148861646234676,0.5857487922705314,0.9136690647482014,0.1089743589743589,0.7043832823649337,0.3054801953336951,0.7424960505529226,0.2567783094098884,0.7136801541425819,0.2931174089068826,0.3885245901639344,0.343859649122807,0.196078431372549,0.2511013215859031,0.2716763005780346,0.583941605839416,0.7213114754098361,0.7736318407960199,0.7396694214876033,0.7516778523489933,0.0373522458628841,90.30637593154844,0.5852941176470589,15.310610225398571,16.581758120756103,14.58951805021074,15.766929711873738,0.3384518300378628,0.6165320074580485,0.7121320890165111,0.5191532258064516,0.1998317206562894,0.3926315789473684,0.4483173076923077,0.3431635388739946,0.2402187631468237,0.4080560420315236,0.4142222222222222,0.6158798283261803,0.06541859486748,0.4308681672025723,0.435064935064935,0.9776119402985076,0.1560790912915439,0.3584905660377358,0.3604336043360434,0.7894736842105263,0.5319148936170213,0.5661538461538461,0.1521739130434782,0.0425531914893617,0.3076923076923077,1.0,0.1129296235679214,0.3188405797101449,0.9090909090909092,0.3732503888024883,0.6395833333333333,0.0746500777604976,0.3645833333333333,0.1671850699844479,0.3209302325581395,0.5599495161968868,0.3609226594301221,0.507119500632111,0.5154370481927711,0.5037546093749998,0.1090839254849241,0.1342346692419121,0.0112676056338028,0.1223699713852886,0.3016327217640128,8.584355579573089,24.750142450142462,0.2955836540223566,False,7.0,,0.0066476733143399,0.0096463022508038,0.0053908355795148,202683,1610612762,2013,2012-13,True,1199.0,60.0,14.0,44.0,153.0,21.0,17.0,23.0,13.0,,
128295.0,2138.0,482.0,4048.0,4026.0,1058.0,1112.0,449.0,8074.0,783.0,1236.0,141.0,244.0,215.0,319.0,284.0,679.0,336.0,783.0,94.0,214.0,7.0,16.0,19.0,48.0,229.0,627.0,20.0,60.0,53.0,161.0,1403.0,2698.0,323.0,841.0,844.0,4619.0,4137.0,197.0,363.0,27.0,76.0,67.0,542.0,333.0,628.0,72.0,209.0,336.0,1218.0,1438.0,1368.0,834.0,135.0,162.0,,10.0,617.0,229.0,167.0,719.0,278.0,997.0,189.0,89.0,442.0,93.0,184.0,2272.0,116.0,391.0,14.0,336.0,1031.0,104.0,1471.0,521.0,1992.0,74.0,336.0,215.0,121.0,299.0,64.0,192.0,261.0,17.0,107.0,42.0,560.0,42.0,154.0,417.0,906.0,1.0,71.0,56.0,1058.0,88.0,12.0,444.0,13.0,106.0,223.0,6.0,2.0,143.0,4.0,12.0,68.0,229.0,138.0,6.0,3.0,7.0,11.0,4077.0,1196.0,1045.0,96.0,0.5124732715609408,0.5438729198184569,0.8606811145510835,0.3840665873959571,0.3552631578947368,0.3444976076555024,0.3886883273164861,0.5200148257968866,0.5426997245179064,0.5302547770700637,0.5333427521898841,0.541002277904328,0.5268817204301075,0.5741340642910541,0.5669456066945606,0.5903790087463557,0.2376377507770556,0.0618977020014825,0.0898058252427184,0.0736377025036818,0.0076628352490421,0.5339285714285714,0.8813559322033898,0.1217391304347826,0.6933422999327505,0.3059467918622848,0.6927835051546392,0.236734693877551,0.6932048681541582,0.2867647058823529,0.3835920177383592,0.3,0.2311212814645309,0.260752688172043,0.1610169491525423,0.5846501128668171,0.6824742268041237,0.7889087656529516,0.7005347593582888,0.6666666666666666,0.04625,90.62364082777972,0.6026200873362445,14.93157114624506,16.85345255837059,14.206274703557312,16.034277198211626,0.3492512009042102,0.633495145631068,0.696,0.5644955300127714,0.191862107940096,0.4182621502209131,0.451510333863275,0.3274647887323944,0.221248940378638,0.4291187739463601,0.4324324324324324,0.5476190476190477,0.0604690590562305,0.4392523364485981,0.4413145539906103,0.946808510638298,0.177168691720825,0.3652312599681021,0.3675762439807383,0.8253275109170306,0.5558086560364465,0.5778688524590164,0.1985815602836879,0.0364464692482915,0.4375,0.8571428571428571,0.1366742596810934,0.3333333333333333,0.8,0.3811230585424134,0.6739811912225705,0.057347670250896,0.3958333333333333,0.1923536439665472,0.3291925465838509,0.5868889516812659,0.3711507293354943,0.5078123476041962,0.5162271067415731,0.5126246973365617,0.1169695418479652,0.1453831041257367,0.0152403282532239,0.1173414158908854,0.2636934401385581,8.197776130467009,25.08953626634959,0.2613636363636363,True,5.0,1.0,0.0059453032104637,0.0046728971962616,0.0063795853269537,202683,1610612762,2014,2013-14,True,916.0,74.0,11.0,39.0,90.0,25.0,9.0,26.0,22.0,,
109065.0,1818.0,106.0,3489.0,3487.0,874.0,959.0,414.0,6976.0,639.0,1033.0,128.0,224.0,151.0,263.0,259.0,643.0,238.0,674.0,76.0,174.0,9.0,14.0,16.0,42.0,200.0,576.0,11.0,34.0,52.0,152.0,1136.0,2350.0,276.0,750.0,660.0,3760.0,3654.0,169.0,343.0,20.0,48.0,70.0,468.0,241.0,542.0,68.0,194.0,250.0,936.0,1134.0,1138.0,672.0,156.0,182.0,1.0,5.0,570.0,199.0,190.0,567.0,224.0,791.0,155.0,69.0,351.0,91.0,125.0,1806.0,93.0,368.0,19.0,380.0,813.0,98.0,1291.0,480.0,1771.0,59.0,281.0,189.0,92.0,271.0,52.0,189.0,203.0,14.0,82.0,39.0,474.0,39.0,112.0,344.0,767.0,1.0,36.0,43.0,887.0,90.0,5.0,382.0,3.0,102.0,166.0,6.0,4.0,96.0,2.0,7.0,63.0,172.0,111.0,8.0,1.0,4.0,10.0,3292.0,919.0,863.0,80.0,0.4991197183098591,0.5425837320574163,0.8115942028985508,0.368,0.4166666666666667,0.3505154639175257,0.3691275167785235,0.4834042553191489,0.4927113702623906,0.4446494464944649,0.5,0.5089514066496164,0.4660326086956521,0.5374713958810069,0.5306122448979592,0.5235162374020157,0.2419354838709677,0.0808510638297872,0.1200387221684414,0.0948678071539657,0.0074183976261127,0.5717299578059072,0.8909090909090909,0.1666666666666666,0.7119089316987741,0.3076923076923077,0.7755102040816326,0.2075892857142857,0.7310049019607843,0.2804136253041362,0.4274611398963731,0.3289473684210526,0.1813953488372093,0.2114285714285714,0.1938775510204081,0.5953757225433526,0.7098591549295775,0.8049886621315193,0.7923497267759563,0.7258064516129032,0.0406056434962147,92.10507495530187,0.6453488372093024,15.208082545141874,16.060797246917122,14.475781026081972,15.320332664181244,0.3332258064516129,0.6185866408518877,0.7029702970297029,0.5492957746478874,0.2074193548387096,0.4027993779160186,0.4450171821305841,0.3513513513513513,0.2174193548387096,0.3531157270029673,0.3557548579970104,0.5252100840336135,0.0561290322580645,0.4367816091954023,0.4367816091954023,0.9078947368421052,0.1858064516129032,0.3472222222222222,0.3496503496503496,0.775,0.5728900255754475,0.5714285714285714,0.1640625,0.0358056265984654,0.6428571428571429,0.8888888888888888,0.0869565217391304,0.3235294117647059,0.6363636363636364,0.3573369565217391,0.5741444866920152,0.0570652173913043,0.3809523809523809,0.2065217391304347,0.3421052631578947,0.5751612903225807,0.3491228070175438,0.5028343790426912,0.5176459337349394,0.496629685362517,0.1134354743665291,0.1445874337623013,0.0039893617021276,0.1244680851063829,0.2489361702127659,8.190808510638297,24.946133333333343,0.2505015763829177,False,4.0,1.0,0.0053333333333333,,0.0069444444444444,202683,1610612762,2014,2013-14,True,780.0,39.0,5.0,43.0,79.0,13.0,9.0,24.0,10.0,,
48561.0,809.0,-48.0,1654.0,1670.0,523.0,420.0,169.0,3324.0,309.0,478.0,50.0,86.0,99.0,164.0,133.0,289.0,120.0,311.0,31.0,89.0,,6.0,6.0,22.0,104.0,279.0,9.0,21.0,40.0,89.0,562.0,1078.0,135.0,368.0,314.0,1843.0,1891.0,66.0,125.0,9.0,27.0,49.0,208.0,173.0,337.0,46.0,111.0,145.0,629.0,556.0,568.0,339.0,66.0,78.0,,3.0,276.0,104.0,58.0,278.0,113.0,391.0,83.0,30.0,166.0,39.0,73.0,895.0,39.0,148.0,9.0,143.0,367.0,51.0,561.0,196.0,757.0,21.0,145.0,89.0,56.0,121.0,22.0,73.0,92.0,19.0,48.0,13.0,213.0,16.0,54.0,203.0,370.0,1.0,28.0,14.0,433.0,29.0,16.0,156.0,4.0,63.0,90.0,1.0,1.0,68.0,,3.0,19.0,91.0,49.0,6.0,1.0,1.0,9.0,1635.0,617.0,514.0,37.0,0.494661921708185,0.5315487571701721,0.837037037037037,0.3668478260869565,0.3333333333333333,0.4144144144144144,0.3698630136986301,0.5213358070500927,0.528,0.5133531157270029,0.5286998616874136,0.5230263157894737,0.5401785714285714,0.5591824283099451,0.569060773480663,0.577634011090573,0.2544951590594744,0.0538033395176252,0.0962343096234309,0.0415224913494809,,0.568075117370892,0.7611940298507462,0.15,0.6178451178451179,0.2884990253411306,0.6713615023474179,0.1733333333333333,0.6319702602230484,0.2533875338753387,0.3313609467455621,0.3032258064516129,0.238095238095238,0.1616766467065868,0.2068965517241379,0.5469387755102041,0.6133333333333333,0.7085427135678392,0.6951219512195121,0.5918367346938775,0.0308823529411764,98.56798665595848,0.5384615384615384,15.18681983071342,14.037125748502994,14.610036275695284,13.24251497005988,0.330567081604426,0.6464435146443515,0.7152777777777778,0.5372168284789643,0.1998616874135546,0.4602076124567474,0.4801444043321299,0.2932330827067669,0.2150760719225449,0.3858520900321543,0.3858520900321543,0.6083333333333333,0.0615491009681881,0.348314606741573,0.348314606741573,0.967741935483871,0.1929460580912863,0.3727598566308244,0.3741007194244604,0.7980769230769231,0.5657894736842105,0.5813953488372093,0.12,0.0394736842105263,,,0.1381578947368421,0.4285714285714285,0.6666666666666666,0.3660714285714285,0.6036585365853658,0.0491071428571428,0.2727272727272727,0.1986607142857142,0.449438202247191,0.5850622406639004,0.3768115942028985,0.5190352981969487,0.5228296747967481,0.517373542600897,0.1015228426395939,0.129460580912863,0.0107816711590296,0.1128594682582745,0.3412913727618014,8.080983302411877,24.75896739130436,0.3162031438935913,True,1.0,1.0,0.0027173913043478,,0.003584229390681,202683,1610612760,2015,2014-15,True,378.0,28.0,4.0,17.0,35.0,14.0,6.0,10.0,16.0,,
189399.0,3157.0,-131.0,6239.0,6239.0,1761.0,1660.0,752.0,12478.0,1070.0,1897.0,220.0,429.0,289.0,485.0,356.0,1007.0,416.0,1042.0,149.0,433.0,10.0,32.0,46.0,114.0,397.0,1183.0,36.0,108.0,100.0,329.0,1842.0,3946.0,546.0,1616.0,1180.0,6502.0,6633.0,282.0,579.0,46.0,140.0,138.0,840.0,447.0,979.0,146.0,443.0,515.0,1847.0,1922.0,1762.0,1389.0,249.0,322.0,,10.0,1173.0,397.0,383.0,961.0,463.0,1424.0,321.0,142.0,548.0,159.0,254.0,3311.0,226.0,635.0,20.0,716.0,1408.0,137.0,2261.0,881.0,3142.0,93.0,497.0,315.0,182.0,477.0,107.0,304.0,428.0,49.0,173.0,58.0,905.0,84.0,256.0,631.0,1305.0,3.0,97.0,80.0,1572.0,130.0,50.0,592.0,19.0,207.0,276.0,10.0,7.0,195.0,3.0,10.0,71.0,286.0,161.0,10.0,9.0,8.0,13.0,5662.0,1820.0,1740.0,144.0,0.5217155266015201,0.5716835217132659,0.847985347985348,0.3378712871287129,0.3285714285714285,0.3295711060948081,0.3399750933997509,0.4668018246325393,0.4870466321243523,0.4565883554647599,0.4784250269687163,0.4881780250347705,0.4683544303797468,0.5167226756281005,0.524375,0.5264215967834578,0.2905429701546206,0.0970603142422706,0.150764364786505,0.0804369414101291,0.0153550863723608,0.5270718232044199,0.7486338797814208,0.1075268817204301,0.676923076923077,0.3055822906641001,0.750524109014675,0.2200584225900681,0.7000659195781147,0.2772946859903382,0.3941605839416058,0.2795031055900621,0.2140522875816993,0.2192513368983957,0.2222222222222222,0.60778859527121,0.6739811912225705,0.7482710926694329,0.7604456824512534,0.7203389830508474,0.034241531664212,94.87019466839844,0.5629370629370629,15.408719346049049,14.948549447026767,14.670299727520437,14.182240743708928,0.34106436533621,0.5640484976278334,0.6641837368094351,0.5121495327102804,0.1810499820208558,0.3535253227408143,0.3844492440604751,0.446629213483146,0.1873426824883135,0.3992322456813819,0.4054580896686159,0.6105769230769231,0.0778496943545487,0.3441108545034642,0.3473193473193473,0.953020134228188,0.2126932758000719,0.3355874894336433,0.3378723404255319,0.8085642317380353,0.5966620305980529,0.5128205128205128,0.1772727272727272,0.0445062586926286,0.3125,0.7,0.1502086230876217,0.3333333333333333,0.8611111111111112,0.3410689170182841,0.5958762886597938,0.080168776371308,0.4035087719298245,0.2313642756680731,0.303951367781155,0.6316073354908306,0.3384484228473998,0.5161549198053704,0.5348706405693953,0.5097021216407356,0.1011254551473022,0.1343012704174228,0.0116279069767441,0.129191018148262,0.2840664410950477,7.552027369488089,24.85823019801981,0.2822567719185767,False,12.0,1.0,0.0074257425742574,0.0092378752886836,0.0067624683009298,202683,1610612760,2015,2014-15,True,1442.0,104.0,17.0,104.0,166.0,42.0,25.0,47.0,46.0,,
103243.0,1721.0,-127.0,3409.0,3422.0,955.0,958.0,402.0,6831.0,650.0,1078.0,136.0,219.0,191.0,318.0,240.0,611.0,216.0,567.0,86.0,205.0,9.0,18.0,22.0,53.0,203.0,618.0,18.0,62.0,52.0,165.0,1106.0,2256.0,289.0,823.0,655.0,3734.0,3861.0,176.0,319.0,27.0,80.0,58.0,491.0,293.0,619.0,74.0,218.0,255.0,1063.0,1086.0,1126.0,720.0,147.0,182.0,2.0,15.0,601.0,201.0,157.0,543.0,240.0,783.0,162.0,78.0,329.0,91.0,123.0,1806.0,115.0,329.0,17.0,343.0,644.0,74.0,1061.0,461.0,1522.0,75.0,321.0,200.0,121.0,236.0,41.0,145.0,197.0,30.0,91.0,29.0,433.0,36.0,110.0,377.0,715.0,1.0,58.0,39.0,880.0,98.0,15.0,378.0,11.0,90.0,184.0,5.0,3.0,149.0,2.0,5.0,30.0,189.0,101.0,14.0,4.0,6.0,10.0,3243.0,1061.0,953.0,71.0,0.4909584086799277,0.5349753694581281,0.8304498269896193,0.3511543134872418,0.3375,0.3394495412844037,0.3551980198019802,0.4902482269503546,0.5517241379310345,0.4733441033925686,0.5,0.5426065162907269,0.4826762246117085,0.538316946211683,0.565668202764977,0.5325977933801405,0.2672945761610912,0.0695921985815602,0.0964749536178107,0.0769230769230769,0.0105820105820105,0.5450346420323325,0.7628865979381443,0.1440677966101695,0.6098484848484849,0.2893579595426561,0.6634429400386848,0.2304609218436873,0.6274634456452638,0.2713936430317848,0.3364705882352941,0.314207650273224,0.2052023121387283,0.2161458333333333,0.2782608695652174,0.5484581497797357,0.6134751773049646,0.69375,0.71875,0.5454545454545454,0.0509164969450101,95.27658049456136,0.5343915343915344,15.090055734819597,15.137638807714788,14.357876210032268,14.281414377556985,0.3501136732705424,0.6029684601113172,0.6673511293634496,0.5061538461538462,0.1984410522897044,0.392798690671031,0.425531914893617,0.3791666666666666,0.1841506982786619,0.3809523809523809,0.3850267379679144,0.5694444444444444,0.0665800584605391,0.4195121951219512,0.4236453201970443,0.9069767441860463,0.2007145177005521,0.3284789644012945,0.3316993464052287,0.7980295566502463,0.5488721804511278,0.6210045662100456,0.1985294117647058,0.0451127819548872,0.5,1.0,0.1553884711779448,0.2903225806451613,0.7777777777777778,0.3799283154121863,0.60062893081761,0.063321385902031,0.4150943396226415,0.1971326164874552,0.3151515151515151,0.6174082494316336,0.3344425956738768,0.5102701536449818,0.5273868338557994,0.5108084951456313,0.1154988123515439,0.1490536277602523,0.0132211538461538,0.1314943760042849,0.2846813069094804,7.439671985815605,25.23645200486028,0.2801408037547668,True,8.0,2.0,0.0097205346294046,0.0097560975609756,0.0097087378640776,202683,1610612760,2016,2015-16,True,766.0,59.0,9.0,41.0,80.0,23.0,13.0,17.0,24.0,,
134717.0,2245.0,-470.0,4569.0,4554.0,1022.0,1049.0,545.0,9123.0,831.0,1478.0,159.0,300.0,199.0,321.0,259.0,715.0,287.0,794.0,99.0,275.0,11.0,28.0,13.0,51.0,279.0,851.0,33.0,76.0,74.0,208.0,1377.0,2987.0,378.0,1126.0,819.0,4707.0,5177.0,208.0,428.0,44.0,104.0,101.0,649.0,278.0,573.0,87.0,259.0,332.0,1149.0,1378.0,1376.0,885.0,249.0,226.0,,5.0,846.0,279.0,305.0,689.0,295.0,984.0,205.0,90.0,435.0,105.0,149.0,2263.0,173.0,468.0,8.0,505.0,899.0,107.0,1511.0,649.0,2160.0,75.0,398.0,274.0,124.0,367.0,93.0,231.0,268.0,37.0,136.0,38.0,635.0,49.0,122.0,495.0,938.0,1.0,69.0,42.0,1070.0,88.0,25.0,432.0,14.0,116.0,182.0,2.0,1.0,144.0,1.0,6.0,32.0,184.0,104.0,7.0,8.0,6.0,13.0,4058.0,1113.0,1003.0,96.0,0.5003631082062454,0.5450949367088608,0.7804232804232805,0.3357015985790408,0.4230769230769231,0.3359073359073359,0.3371989295272078,0.46099765651155,0.4859813084112149,0.4851657940663176,0.4726477024070022,0.5150375939849624,0.4909855769230769,0.5107937200174444,0.5472972972972973,0.556420233463035,0.2737661074641381,0.1021091396049548,0.1502029769959404,0.0965034965034965,0.017632241813602,0.5779527559055118,0.8045112781954887,0.064516129032258,0.6605437178545187,0.2937853107344633,0.7203994293865906,0.2392807745504841,0.6808923375363725,0.2767702936096718,0.369969040247678,0.2975391498881432,0.192,0.238615664845173,0.2413793103448276,0.5882352941176471,0.6606217616580311,0.7455357142857143,0.728,0.7014925373134329,0.0375,97.51642331702756,0.5652173913043478,15.336616327423943,14.194993412384717,14.589188006128255,13.393280632411066,0.3593484074884512,0.5622462787550744,0.6616242038216561,0.5234657039711191,0.1738390469243861,0.3622377622377622,0.4009287925696594,0.4054054054054054,0.1930464381230245,0.3614609571788413,0.367948717948718,0.519163763066202,0.0668611718939946,0.36,0.3666666666666666,0.9090909090909092,0.2069049355701434,0.3278495887191539,0.33253873659118,0.7347670250896058,0.5639097744360902,0.53,0.1509433962264151,0.0526315789473684,0.3928571428571428,0.9090909090909092,0.1428571428571428,0.4342105263157895,0.8484848484848485,0.3858173076923077,0.6199376947040498,0.0612980769230769,0.2549019607843137,0.25,0.3557692307692308,0.6331145149525893,0.3297872340425531,0.5165840643274855,0.5327758865248228,0.5130246376811596,0.0997762863534675,0.1296907835484839,0.0122914837576821,0.1378797535585298,0.2441045251752708,7.462537663207226,24.84174067495561,0.223681330706938,False,17.0,1.0,0.0150976909413854,0.0181818181818181,0.0141010575793184,202683,1610612760,2016,2015-16,True,916.0,48.0,10.0,73.0,84.0,35.0,9.0,21.0,30.0,,
91976.0,1533.0,-54.0,3037.0,3082.0,1005.0,1022.0,345.0,6119.0,602.0,982.0,102.0,171.0,198.0,312.0,228.0,554.0,154.0,399.0,64.0,175.0,8.0,16.0,15.0,40.0,198.0,585.0,22.0,54.0,60.0,192.0,984.0,1935.0,262.0,760.0,634.0,3388.0,3442.0,131.0,244.0,30.0,70.0,54.0,406.0,331.0,646.0,75.0,232.0,247.0,1134.0,934.0,1034.0,666.0,120.0,152.0,,14.0,571.0,198.0,148.0,467.0,222.0,689.0,161.0,61.0,305.0,76.0,86.0,1600.0,99.0,268.0,10.0,333.0,610.0,72.0,1015.0,377.0,1392.0,46.0,273.0,167.0,106.0,209.0,52.0,124.0,180.0,23.0,85.0,22.0,389.0,27.0,115.0,375.0,675.0,,56.0,34.0,831.0,87.0,19.0,365.0,12.0,72.0,190.0,3.0,,153.0,3.0,6.0,31.0,193.0,112.0,2.0,1.0,,12.0,2982.0,1133.0,1004.0,57.0,0.4745934959349593,0.51431718061674,0.8473282442748091,0.3447368421052632,0.4285714285714285,0.3232758620689655,0.3512064343163539,0.5085271317829457,0.5368852459016393,0.5123839009287926,0.5109461966604824,0.5605095541401274,0.505125284738041,0.552226588081205,0.5752840909090909,0.5544651619234544,0.2820037105751391,0.0764857881136951,0.0987780040733197,0.0812274368231047,0.0150375939849624,0.5372750642673522,0.7659574468085106,0.101010101010101,0.6573275862068966,0.2869379014989293,0.69375,0.2115384615384615,0.6697443181818182,0.2617689015691868,0.36,0.26875,0.1966527196652719,0.2039106145251396,0.2363636363636363,0.5928571428571429,0.7209302325581395,0.7,0.7127371273712737,0.6306306306306306,0.036682615629984,95.80064364616857,0.5803108808290155,15.420810009878169,14.647306943543152,14.775765558116564,13.930240103828682,0.3643784786641929,0.6130346232179226,0.6802259887005649,0.5066445182724253,0.2055658627087198,0.4115523465703971,0.4479371316306483,0.3333333333333333,0.148051948051948,0.3859649122807017,0.3918575063613231,0.5584415584415584,0.0649350649350649,0.3657142857142857,0.367816091954023,0.953125,0.2170686456400742,0.3384615384615385,0.3396226415094339,0.8131313131313131,0.5445859872611465,0.5964912280701754,0.1372549019607843,0.0509554140127388,0.5,0.875,0.1719745222929936,0.4074074074074074,0.8181818181818182,0.3553530751708428,0.6346153846153846,0.0455580865603644,0.375,0.2186788154897494,0.3125,0.6463821892393321,0.3467600700525394,0.5139419776119402,0.5187726890756306,0.4975023121387281,0.1264252179745137,0.1649344780840488,0.0156046814044213,0.1198347107438016,0.3347107438016529,6.783824289405689,25.243815789473697,0.3309186697398749,True,3.0,3.0,0.0039473684210526,0.0057142857142857,0.0034188034188034,202683,1610612760,2017,2016-17,True,697.0,33.0,8.0,41.0,60.0,29.0,17.0,21.0,34.0,,
145684.0,2428.0,-8.0,4971.0,4949.0,1222.0,1254.0,503.0,9920.0,891.0,1502.0,148.0,243.0,215.0,357.0,347.0,828.0,269.0,697.0,122.0,301.0,9.0,25.0,17.0,64.0,340.0,975.0,36.0,82.0,78.0,222.0,1507.0,3027.0,462.0,1276.0,891.0,5291.0,5299.0,186.0,350.0,45.0,107.0,88.0,595.0,343.0,682.0,95.0,286.0,336.0,1307.0,1370.0,1644.0,1152.0,234.0,220.0,,9.0,966.0,340.0,254.0,685.0,384.0,1069.0,268.0,116.0,434.0,125.0,126.0,2522.0,159.0,400.0,11.0,631.0,1059.0,129.0,1819.0,570.0,2389.0,72.0,425.0,287.0,138.0,439.0,96.0,293.0,301.0,46.0,146.0,35.0,740.0,59.0,177.0,543.0,1022.0,5.0,97.0,32.0,1165.0,115.0,21.0,481.0,23.0,118.0,253.0,4.0,3.0,195.0,1.0,8.0,50.0,257.0,145.0,13.0,2.0,6.0,11.0,4696.0,1283.0,1207.0,80.0,0.4545454545454545,0.490336435218325,0.8311688311688312,0.3620689655172414,0.4205607476635514,0.3321678321678322,0.3646408839779005,0.4978526593987446,0.5314285714285715,0.5029325513196481,0.5112712061352545,0.5547045951859956,0.5015495867768595,0.5486790097774079,0.5836614173228346,0.5600858369098712,0.2965372995584476,0.0839114634952097,0.1231691078561917,0.0712560386473429,0.0143472022955523,0.5932432432432433,0.7724550898203593,0.0808823529411764,0.6814671814671814,0.26542800265428,0.7105855855855856,0.2025477707006369,0.6920556920556921,0.243891797556719,0.3333333333333333,0.2725366876310272,0.1591448931116389,0.2019704433497537,0.2045454545454545,0.6138461538461538,0.6942675159235668,0.76905311778291,0.7123076923076923,0.7058823529411765,0.0353287536800785,98.05332088630186,0.5642023346303502,15.421846710923356,13.946655890078803,14.808489237577952,13.045463730046476,0.3490587961887055,0.5932090545938749,0.6765375854214123,0.4870931537598204,0.1924238903090867,0.4190821256038647,0.4512353706111833,0.3602305475504322,0.1619800139437601,0.3859397417503586,0.3915574963609898,0.4684014869888476,0.0699511968394143,0.4053156146179402,0.4080267558528428,0.9508196721311476,0.2265861027190332,0.3487179487179487,0.3490759753593429,0.788235294117647,0.5317286652078774,0.6090534979423868,0.1216216216216216,0.0547045951859956,0.36,1.0,0.1794310722100656,0.4390243902439024,0.8611111111111112,0.368801652892562,0.6022408963585434,0.0661157024793388,0.265625,0.2293388429752066,0.3513513513513513,0.6455960957471532,0.3519668737060041,0.5166234731934736,0.5247475290697674,0.504294629822732,0.1074856046065259,0.1417624521072797,0.0177469135802469,0.1124551124551124,0.247023247023247,7.070597951767428,24.9955329153605,0.2458257895795614,False,3.0,3.0,0.0023510971786833,0.0066445182724252,0.001025641025641,202683,1610612760,2017,2016-17,True,1013.0,55.0,21.0,78.0,86.0,52.0,16.0,35.0,38.0,,
91976.0,1533.0,-54.0,3037.0,3082.0,1005.0,1022.0,345.0,6119.0,602.0,982.0,102.0,171.0,198.0,312.0,228.0,554.0,154.0,399.0,64.0,175.0,8.0,16.0,15.0,40.0,198.0,585.0,22.0,54.0,60.0,192.0,984.0,1935.0,262.0,760.0,634.0,3388.0,3442.0,131.0,244.0,30.0,70.0,54.0,406.0,331.0,646.0,75.0,232.0,247.0,1134.0,934.0,1034.0,666.0,120.0,152.0,,14.0,571.0,198.0,148.0,467.0,222.0,689.0,161.0,61.0,305.0,76.0,86.0,1600.0,99.0,268.0,10.0,333.0,610.0,72.0,1015.0,377.0,1392.0,46.0,273.0,167.0,106.0,209.0,52.0,124.0,180.0,23.0,85.0,22.0,389.0,27.0,115.0,375.0,675.0,,56.0,34.0,831.0,87.0,19.0,365.0,12.0,72.0,190.0,3.0,,153.0,3.0,6.0,31.0,193.0,112.0,2.0,1.0,,12.0,2982.0,1133.0,1004.0,57.0,0.4745934959349593,0.51431718061674,0.8473282442748091,0.3447368421052632,0.4285714285714285,0.3232758620689655,0.3512064343163539,0.5085271317829457,0.5368852459016393,0.5123839009287926,0.5109461966604824,0.5605095541401274,0.505125284738041,0.552226588081205,0.5752840909090909,0.5544651619234544,0.2820037105751391,0.0764857881136951,0.0987780040733197,0.0812274368231047,0.0150375939849624,0.5372750642673522,0.7659574468085106,0.101010101010101,0.6573275862068966,0.2869379014989293,0.69375,0.2115384615384615,0.6697443181818182,0.2617689015691868,0.36,0.26875,0.1966527196652719,0.2039106145251396,0.2363636363636363,0.5928571428571429,0.7209302325581395,0.7,0.7127371273712737,0.6306306306306306,0.036682615629984,95.80064364616857,0.5803108808290155,15.420810009878169,14.647306943543152,14.775765558116564,13.930240103828682,0.3643784786641929,0.6130346232179226,0.6802259887005649,0.5066445182724253,0.2055658627087198,0.4115523465703971,0.4479371316306483,0.3333333333333333,0.148051948051948,0.3859649122807017,0.3918575063613231,0.5584415584415584,0.0649350649350649,0.3657142857142857,0.367816091954023,0.953125,0.2170686456400742,0.3384615384615385,0.3396226415094339,0.8131313131313131,0.5445859872611465,0.5964912280701754,0.1372549019607843,0.0509554140127388,0.5,0.875,0.1719745222929936,0.4074074074074074,0.8181818181818182,0.3553530751708428,0.6346153846153846,0.0455580865603644,0.375,0.2186788154897494,0.3125,0.6463821892393321,0.3467600700525394,0.5139419776119402,0.5187726890756306,0.4975023121387281,0.1264252179745137,0.1649344780840488,0.0156046814044213,0.1198347107438016,0.3347107438016529,6.783824289405689,25.243815789473697,0.3309186697398749,True,3.0,3.0,0.0039473684210526,0.0057142857142857,0.0034188034188034,202683,1610612760,2017,2016-17,True,697.0,33.0,8.0,41.0,60.0,29.0,17.0,21.0,34.0,,
145684.0,2428.0,-8.0,4971.0,4949.0,1222.0,1254.0,503.0,9920.0,891.0,1502.0,148.0,243.0,215.0,357.0,347.0,828.0,269.0,697.0,122.0,301.0,9.0,25.0,17.0,64.0,340.0,975.0,36.0,82.0,78.0,222.0,1507.0,3027.0,462.0,1276.0,891.0,5291.0,5299.0,186.0,350.0,45.0,107.0,88.0,595.0,343.0,682.0,95.0,286.0,336.0,1307.0,1370.0,1644.0,1152.0,234.0,220.0,,9.0,966.0,340.0,254.0,685.0,384.0,1069.0,268.0,116.0,434.0,125.0,126.0,2522.0,159.0,400.0,11.0,631.0,1059.0,129.0,1819.0,570.0,2389.0,72.0,425.0,287.0,138.0,439.0,96.0,293.0,301.0,46.0,146.0,35.0,740.0,59.0,177.0,543.0,1022.0,5.0,97.0,32.0,1165.0,115.0,21.0,481.0,23.0,118.0,253.0,4.0,3.0,195.0,1.0,8.0,50.0,257.0,145.0,13.0,2.0,6.0,11.0,4696.0,1283.0,1207.0,80.0,0.4545454545454545,0.490336435218325,0.8311688311688312,0.3620689655172414,0.4205607476635514,0.3321678321678322,0.3646408839779005,0.4978526593987446,0.5314285714285715,0.5029325513196481,0.5112712061352545,0.5547045951859956,0.5015495867768595,0.5486790097774079,0.5836614173228346,0.5600858369098712,0.2965372995584476,0.0839114634952097,0.1231691078561917,0.0712560386473429,0.0143472022955523,0.5932432432432433,0.7724550898203593,0.0808823529411764,0.6814671814671814,0.26542800265428,0.7105855855855856,0.2025477707006369,0.6920556920556921,0.243891797556719,0.3333333333333333,0.2725366876310272,0.1591448931116389,0.2019704433497537,0.2045454545454545,0.6138461538461538,0.6942675159235668,0.76905311778291,0.7123076923076923,0.7058823529411765,0.0353287536800785,98.05332088630186,0.5642023346303502,15.421846710923356,13.946655890078803,14.808489237577952,13.045463730046476,0.3490587961887055,0.5932090545938749,0.6765375854214123,0.4870931537598204,0.1924238903090867,0.4190821256038647,0.4512353706111833,0.3602305475504322,0.1619800139437601,0.3859397417503586,0.3915574963609898,0.4684014869888476,0.0699511968394143,0.4053156146179402,0.4080267558528428,0.9508196721311476,0.2265861027190332,0.3487179487179487,0.3490759753593429,0.788235294117647,0.5317286652078774,0.6090534979423868,0.1216216216216216,0.0547045951859956,0.36,1.0,0.1794310722100656,0.4390243902439024,0.8611111111111112,0.368801652892562,0.6022408963585434,0.0661157024793388,0.265625,0.2293388429752066,0.3513513513513513,0.6455960957471532,0.3519668737060041,0.5166234731934736,0.5247475290697674,0.504294629822732,0.1074856046065259,0.1417624521072797,0.0177469135802469,0.1124551124551124,0.247023247023247,7.070597951767428,24.9955329153605,0.2458257895795614,False,3.0,3.0,0.0023510971786833,0.0066445182724252,0.001025641025641,202683,1610612760,2017,2016-17,True,1013.0,55.0,21.0,78.0,86.0,52.0,16.0,35.0,38.0,,
91976.0,1533.0,-54.0,3037.0,3082.0,1005.0,1022.0,345.0,6119.0,602.0,982.0,102.0,171.0,198.0,312.0,228.0,554.0,154.0,399.0,64.0,175.0,8.0,16.0,15.0,40.0,198.0,585.0,22.0,54.0,60.0,192.0,984.0,1935.0,262.0,760.0,634.0,3388.0,3442.0,131.0,244.0,30.0,70.0,54.0,406.0,331.0,646.0,75.0,232.0,247.0,1134.0,934.0,1034.0,666.0,120.0,152.0,,14.0,571.0,198.0,148.0,467.0,222.0,689.0,161.0,61.0,305.0,76.0,86.0,1600.0,99.0,268.0,10.0,333.0,610.0,72.0,1015.0,377.0,1392.0,46.0,273.0,167.0,106.0,209.0,52.0,124.0,180.0,23.0,85.0,22.0,389.0,27.0,115.0,375.0,675.0,,56.0,34.0,831.0,87.0,19.0,365.0,12.0,72.0,190.0,3.0,,153.0,3.0,6.0,31.0,193.0,112.0,2.0,1.0,,12.0,2982.0,1133.0,1004.0,57.0,0.4745934959349593,0.51431718061674,0.8473282442748091,0.3447368421052632,0.4285714285714285,0.3232758620689655,0.3512064343163539,0.5085271317829457,0.5368852459016393,0.5123839009287926,0.5109461966604824,0.5605095541401274,0.505125284738041,0.552226588081205,0.5752840909090909,0.5544651619234544,0.2820037105751391,0.0764857881136951,0.0987780040733197,0.0812274368231047,0.0150375939849624,0.5372750642673522,0.7659574468085106,0.101010101010101,0.6573275862068966,0.2869379014989293,0.69375,0.2115384615384615,0.6697443181818182,0.2617689015691868,0.36,0.26875,0.1966527196652719,0.2039106145251396,0.2363636363636363,0.5928571428571429,0.7209302325581395,0.7,0.7127371273712737,0.6306306306306306,0.036682615629984,95.80064364616857,0.5803108808290155,15.420810009878169,14.647306943543152,14.775765558116564,13.930240103828682,0.3643784786641929,0.6130346232179226,0.6802259887005649,0.5066445182724253,0.2055658627087198,0.4115523465703971,0.4479371316306483,0.3333333333333333,0.148051948051948,0.3859649122807017,0.3918575063613231,0.5584415584415584,0.0649350649350649,0.3657142857142857,0.367816091954023,0.953125,0.2170686456400742,0.3384615384615385,0.3396226415094339,0.8131313131313131,0.5445859872611465,0.5964912280701754,0.1372549019607843,0.0509554140127388,0.5,0.875,0.1719745222929936,0.4074074074074074,0.8181818181818182,0.3553530751708428,0.6346153846153846,0.0455580865603644,0.375,0.2186788154897494,0.3125,0.6463821892393321,0.3467600700525394,0.5139419776119402,0.5187726890756306,0.4975023121387281,0.1264252179745137,0.1649344780840488,0.0156046814044213,0.1198347107438016,0.3347107438016529,6.783824289405689,25.243815789473697,0.3309186697398749,True,3.0,3.0,0.0039473684210526,0.0057142857142857,0.0034188034188034,202683,1610612760,2017,2016-17,True,697.0,33.0,8.0,41.0,60.0,29.0,17.0,21.0,34.0,,
145684.0,2428.0,-8.0,4971.0,4949.0,1222.0,1254.0,503.0,9920.0,891.0,1502.0,148.0,243.0,215.0,357.0,347.0,828.0,269.0,697.0,122.0,301.0,9.0,25.0,17.0,64.0,340.0,975.0,36.0,82.0,78.0,222.0,1507.0,3027.0,462.0,1276.0,891.0,5291.0,5299.0,186.0,350.0,45.0,107.0,88.0,595.0,343.0,682.0,95.0,286.0,336.0,1307.0,1370.0,1644.0,1152.0,234.0,220.0,,9.0,966.0,340.0,254.0,685.0,384.0,1069.0,268.0,116.0,434.0,125.0,126.0,2522.0,159.0,400.0,11.0,631.0,1059.0,129.0,1819.0,570.0,2389.0,72.0,425.0,287.0,138.0,439.0,96.0,293.0,301.0,46.0,146.0,35.0,740.0,59.0,177.0,543.0,1022.0,5.0,97.0,32.0,1165.0,115.0,21.0,481.0,23.0,118.0,253.0,4.0,3.0,195.0,1.0,8.0,50.0,257.0,145.0,13.0,2.0,6.0,11.0,4696.0,1283.0,1207.0,80.0,0.4545454545454545,0.490336435218325,0.8311688311688312,0.3620689655172414,0.4205607476635514,0.3321678321678322,0.3646408839779005,0.4978526593987446,0.5314285714285715,0.5029325513196481,0.5112712061352545,0.5547045951859956,0.5015495867768595,0.5486790097774079,0.5836614173228346,0.5600858369098712,0.2965372995584476,0.0839114634952097,0.1231691078561917,0.0712560386473429,0.0143472022955523,0.5932432432432433,0.7724550898203593,0.0808823529411764,0.6814671814671814,0.26542800265428,0.7105855855855856,0.2025477707006369,0.6920556920556921,0.243891797556719,0.3333333333333333,0.2725366876310272,0.1591448931116389,0.2019704433497537,0.2045454545454545,0.6138461538461538,0.6942675159235668,0.76905311778291,0.7123076923076923,0.7058823529411765,0.0353287536800785,98.05332088630186,0.5642023346303502,15.421846710923356,13.946655890078803,14.808489237577952,13.045463730046476,0.3490587961887055,0.5932090545938749,0.6765375854214123,0.4870931537598204,0.1924238903090867,0.4190821256038647,0.4512353706111833,0.3602305475504322,0.1619800139437601,0.3859397417503586,0.3915574963609898,0.4684014869888476,0.0699511968394143,0.4053156146179402,0.4080267558528428,0.9508196721311476,0.2265861027190332,0.3487179487179487,0.3490759753593429,0.788235294117647,0.5317286652078774,0.6090534979423868,0.1216216216216216,0.0547045951859956,0.36,1.0,0.1794310722100656,0.4390243902439024,0.8611111111111112,0.368801652892562,0.6022408963585434,0.0661157024793388,0.265625,0.2293388429752066,0.3513513513513513,0.6455960957471532,0.3519668737060041,0.5166234731934736,0.5247475290697674,0.504294629822732,0.1074856046065259,0.1417624521072797,0.0177469135802469,0.1124551124551124,0.247023247023247,7.070597951767428,24.9955329153605,0.2458257895795614,False,3.0,3.0,0.0023510971786833,0.0066445182724252,0.001025641025641,202683,1610612760,2017,2016-17,True,1013.0,55.0,21.0,78.0,86.0,52.0,16.0,35.0,38.0,,
91976.0,1533.0,-54.0,3037.0,3082.0,1005.0,1022.0,345.0,6119.0,602.0,982.0,102.0,171.0,198.0,312.0,228.0,554.0,154.0,399.0,64.0,175.0,8.0,16.0,15.0,40.0,198.0,585.0,22.0,54.0,60.0,192.0,984.0,1935.0,262.0,760.0,634.0,3388.0,3442.0,131.0,244.0,30.0,70.0,54.0,406.0,331.0,646.0,75.0,232.0,247.0,1134.0,934.0,1034.0,666.0,120.0,152.0,,14.0,571.0,198.0,148.0,467.0,222.0,689.0,161.0,61.0,305.0,76.0,86.0,1600.0,99.0,268.0,10.0,333.0,610.0,72.0,1015.0,377.0,1392.0,46.0,273.0,167.0,106.0,209.0,52.0,124.0,180.0,23.0,85.0,22.0,389.0,27.0,115.0,375.0,675.0,,56.0,34.0,831.0,87.0,19.0,365.0,12.0,72.0,190.0,3.0,,153.0,3.0,6.0,31.0,193.0,112.0,2.0,1.0,,12.0,2982.0,1133.0,1004.0,57.0,0.4745934959349593,0.51431718061674,0.8473282442748091,0.3447368421052632,0.4285714285714285,0.3232758620689655,0.3512064343163539,0.5085271317829457,0.5368852459016393,0.5123839009287926,0.5109461966604824,0.5605095541401274,0.505125284738041,0.552226588081205,0.5752840909090909,0.5544651619234544,0.2820037105751391,0.0764857881136951,0.0987780040733197,0.0812274368231047,0.0150375939849624,0.5372750642673522,0.7659574468085106,0.101010101010101,0.6573275862068966,0.2869379014989293,0.69375,0.2115384615384615,0.6697443181818182,0.2617689015691868,0.36,0.26875,0.1966527196652719,0.2039106145251396,0.2363636363636363,0.5928571428571429,0.7209302325581395,0.7,0.7127371273712737,0.6306306306306306,0.036682615629984,95.80064364616857,0.5803108808290155,15.420810009878169,14.647306943543152,14.775765558116564,13.930240103828682,0.3643784786641929,0.6130346232179226,0.6802259887005649,0.5066445182724253,0.2055658627087198,0.4115523465703971,0.4479371316306483,0.3333333333333333,0.148051948051948,0.3859649122807017,0.3918575063613231,0.5584415584415584,0.0649350649350649,0.3657142857142857,0.367816091954023,0.953125,0.2170686456400742,0.3384615384615385,0.3396226415094339,0.8131313131313131,0.5445859872611465,0.5964912280701754,0.1372549019607843,0.0509554140127388,0.5,0.875,0.1719745222929936,0.4074074074074074,0.8181818181818182,0.3553530751708428,0.6346153846153846,0.0455580865603644,0.375,0.2186788154897494,0.3125,0.6463821892393321,0.3467600700525394,0.5139419776119402,0.5187726890756306,0.4975023121387281,0.1264252179745137,0.1649344780840488,0.0156046814044213,0.1198347107438016,0.3347107438016529,6.783824289405689,25.243815789473697,0.3309186697398749,True,3.0,3.0,0.0039473684210526,0.0057142857142857,0.0034188034188034,202683,1610612760,2017,2016-17,True,697.0,33.0,8.0,41.0,60.0,29.0,17.0,21.0,34.0,,
145684.0,2428.0,-8.0,4971.0,4949.0,1222.0,1254.0,503.0,9920.0,891.0,1502.0,148.0,243.0,215.0,357.0,347.0,828.0,269.0,697.0,122.0,301.0,9.0,25.0,17.0,64.0,340.0,975.0,36.0,82.0,78.0,222.0,1507.0,3027.0,462.0,1276.0,891.0,5291.0,5299.0,186.0,350.0,45.0,107.0,88.0,595.0,343.0,682.0,95.0,286.0,336.0,1307.0,1370.0,1644.0,1152.0,234.0,220.0,,9.0,966.0,340.0,254.0,685.0,384.0,1069.0,268.0,116.0,434.0,125.0,126.0,2522.0,159.0,400.0,11.0,631.0,1059.0,129.0,1819.0,570.0,2389.0,72.0,425.0,287.0,138.0,439.0,96.0,293.0,301.0,46.0,146.0,35.0,740.0,59.0,177.0,543.0,1022.0,5.0,97.0,32.0,1165.0,115.0,21.0,481.0,23.0,118.0,253.0,4.0,3.0,195.0,1.0,8.0,50.0,257.0,145.0,13.0,2.0,6.0,11.0,4696.0,1283.0,1207.0,80.0,0.4545454545454545,0.490336435218325,0.8311688311688312,0.3620689655172414,0.4205607476635514,0.3321678321678322,0.3646408839779005,0.4978526593987446,0.5314285714285715,0.5029325513196481,0.5112712061352545,0.5547045951859956,0.5015495867768595,0.5486790097774079,0.5836614173228346,0.5600858369098712,0.2965372995584476,0.0839114634952097,0.1231691078561917,0.0712560386473429,0.0143472022955523,0.5932432432432433,0.7724550898203593,0.0808823529411764,0.6814671814671814,0.26542800265428,0.7105855855855856,0.2025477707006369,0.6920556920556921,0.243891797556719,0.3333333333333333,0.2725366876310272,0.1591448931116389,0.2019704433497537,0.2045454545454545,0.6138461538461538,0.6942675159235668,0.76905311778291,0.7123076923076923,0.7058823529411765,0.0353287536800785,98.05332088630186,0.5642023346303502,15.421846710923356,13.946655890078803,14.808489237577952,13.045463730046476,0.3490587961887055,0.5932090545938749,0.6765375854214123,0.4870931537598204,0.1924238903090867,0.4190821256038647,0.4512353706111833,0.3602305475504322,0.1619800139437601,0.3859397417503586,0.3915574963609898,0.4684014869888476,0.0699511968394143,0.4053156146179402,0.4080267558528428,0.9508196721311476,0.2265861027190332,0.3487179487179487,0.3490759753593429,0.788235294117647,0.5317286652078774,0.6090534979423868,0.1216216216216216,0.0547045951859956,0.36,1.0,0.1794310722100656,0.4390243902439024,0.8611111111111112,0.368801652892562,0.6022408963585434,0.0661157024793388,0.265625,0.2293388429752066,0.3513513513513513,0.6455960957471532,0.3519668737060041,0.5166234731934736,0.5247475290697674,0.504294629822732,0.1074856046065259,0.1417624521072797,0.0177469135802469,0.1124551124551124,0.247023247023247,7.070597951767428,24.9955329153605,0.2458257895795614,False,3.0,3.0,0.0023510971786833,0.0066445182724252,0.001025641025641,202683,1610612760,2017,2016-17,True,1013.0,55.0,21.0,78.0,86.0,52.0,16.0,35.0,38.0,,
109789.0,1830.0,185.0,3670.0,3662.0,765.0,727.0,380.0,7332.0,688.0,1082.0,126.0,206.0,137.0,223.0,227.0,563.0,219.0,515.0,118.0,288.0,9.0,29.0,25.0,60.0,316.0,856.0,19.0,65.0,61.0,165.0,1134.0,2160.0,434.0,1144.0,595.0,4165.0,3980.0,160.0,285.0,28.0,94.0,59.0,463.0,210.0,414.0,86.0,225.0,202.0,880.0,1200.0,1068.0,1074.0,228.0,194.0,,5.0,851.0,316.0,157.0,600.0,358.0,958.0,243.0,115.0,387.0,103.0,110.0,2274.0,139.0,300.0,8.0,378.0,843.0,57.0,1278.0,447.0,1725.0,64.0,336.0,210.0,126.0,251.0,85.0,172.0,245.0,33.0,79.0,37.0,496.0,34.0,107.0,301.0,703.0,,50.0,33.0,761.0,88.0,15.0,331.0,14.0,67.0,182.0,8.0,5.0,111.0,3.0,10.0,61.0,190.0,111.0,6.0,4.0,3.0,2.0,3702.0,870.0,758.0,56.0,0.5291005291005291,0.5785920925747348,0.8248847926267281,0.3793706293706294,0.2978723404255319,0.3822222222222222,0.3810359964881475,0.525,0.5614035087719298,0.5072463768115942,0.5402542372881356,0.5329815303430079,0.5305164319248826,0.572511717673008,0.5620437956204379,0.5784960422163589,0.3462469733656174,0.0726851851851851,0.0942698706099815,0.0888099467140319,0.0097087378640776,0.5060483870967742,0.8507462686567164,0.1025641025641025,0.6733226837060703,0.2938295788442703,0.7241379310344828,0.1997126436781609,0.6882750845546787,0.2556785090273733,0.371501272264631,0.2904191616766467,0.1938775510204081,0.1969696969696969,0.2083333333333333,0.5860215053763441,0.7049891540130152,0.7159904534606205,0.7494145199063232,0.6105263157894737,0.0410519563822963,96.16701126706684,0.5842105263157895,14.568392370572209,15.380393227744404,13.959945504087193,14.755598033861276,0.3274818401937046,0.6358595194085028,0.7020408163265306,0.5625,0.1703995157384988,0.4031971580817051,0.442495126705653,0.4537444933920704,0.1558716707021791,0.4252427184466019,0.4294117647058823,0.502283105022831,0.0871670702179176,0.4097222222222222,0.4111498257839721,0.9745762711864406,0.2590799031476997,0.3691588785046729,0.3704572098475967,0.7689873417721519,0.5435356200527705,0.6116504854368932,0.1349206349206349,0.0765171503957783,0.3103448275862069,0.8888888888888888,0.1715039577836411,0.2923076923076923,0.9473684210526316,0.3489827856025039,0.6143497757847534,0.0938967136150234,0.4166666666666667,0.2582159624413145,0.3696969696969697,0.673728813559322,0.3713278495887191,0.5248661358811042,0.5492966549295774,0.5222651419558363,0.0969101123595505,0.1377444860590928,0.0121002592912705,0.1111644657863145,0.2112845138055222,7.435925925925927,25.402010489510484,0.2084468664850136,True,4.0,1.0,0.0034965034965034,0.0034722222222222,0.0035046728971962,202683,1610612752,2018,2017-18,True,695.0,44.0,10.0,40.0,56.0,6.0,20.0,19.0,5.0,,
128171.0,2136.0,107.0,4306.0,4296.0,1407.0,1134.0,488.0,8602.0,688.0,1181.0,137.0,243.0,203.0,364.0,262.0,660.0,232.0,583.0,140.0,345.0,12.0,29.0,44.0,105.0,343.0,1005.0,35.0,80.0,114.0,339.0,1182.0,2424.0,483.0,1350.0,880.0,4693.0,4586.0,192.0,365.0,47.0,109.0,100.0,625.0,333.0,707.0,158.0,444.0,399.0,1539.0,1174.0,1190.0,1260.0,189.0,220.0,,15.0,990.0,343.0,250.0,587.0,420.0,1007.0,283.0,137.0,370.0,110.0,107.0,2434.0,184.0,375.0,18.0,523.0,976.0,84.0,1583.0,577.0,2160.0,73.0,333.0,225.0,108.0,302.0,83.0,186.0,295.0,41.0,116.0,42.0,597.0,47.0,188.0,380.0,806.0,,49.0,46.0,1145.0,93.0,32.0,430.0,17.0,150.0,189.0,10.0,8.0,113.0,2.0,13.0,63.0,199.0,113.0,10.0,6.0,8.0,9.0,4068.0,1518.0,1392.0,80.0,0.4966159052453469,0.5475746268656716,0.8695652173913043,0.3577777777777777,0.4311926605504587,0.3558558558558558,0.3617977528089887,0.4876237623762376,0.5260273972602739,0.471004243281471,0.5051669316375199,0.5537974683544303,0.4952215464813206,0.5458265139116203,0.5888468809073724,0.5507194244604317,0.3577106518282988,0.1031353135313531,0.1371718882303133,0.1212121212121212,0.0137221269296741,0.5058626465661642,0.865979381443299,0.1417322834645669,0.7289021657953697,0.3061224489795918,0.7996941896024465,0.2235722964763062,0.7521324636226794,0.27294921875,0.3926380368098159,0.2951653944020356,0.19533527696793,0.2209677419354838,0.2315270935960591,0.6404494382022472,0.7345971563981043,0.8072033898305084,0.801923076923077,0.7910447761194029,0.0407366071428571,96.64339047054324,0.5678391959798995,14.802136553646076,14.998370577281191,14.153971202972595,14.431797020484172,0.31293057763646,0.5825571549534293,0.6751717369970559,0.5377906976744186,0.1748807631160572,0.396969696969697,0.4517241379310345,0.4198473282442748,0.1544780074191838,0.3979416809605489,0.4034782608695652,0.4612068965517241,0.0914149443561208,0.4057971014492754,0.4069767441860465,0.9785714285714284,0.266295707472178,0.3412935323383084,0.3443775100401606,0.8250728862973761,0.5126582278481012,0.5637860082304527,0.1313868613138686,0.0611814345991561,0.4137931034482758,0.9166666666666666,0.1687763713080168,0.4375,0.8,0.31624674196351,0.5576923076923077,0.0912250217202432,0.419047619047619,0.2945264986967854,0.336283185840708,0.6706412294647589,0.3464646464646465,0.5139032232285564,0.5523600877192985,0.5090764291996482,0.1083111218803004,0.1557406736689605,0.0124450951683748,0.1331770722352439,0.3279352226720647,7.515800330032999,25.547037037037025,0.3267533673943334,False,10.0,1.0,0.0074074074074074,0.0028985507246376,0.008955223880597,202683,1610612752,2018,2017-18,True,985.0,56.0,19.0,70.0,126.0,10.0,12.0,26.0,9.0,,
67668.0,1128.0,217.0,2315.0,2331.0,615.0,569.0,243.0,4646.0,480.0,720.0,75.0,131.0,112.0,174.0,145.0,342.0,103.0,240.0,73.0,178.0,7.0,15.0,22.0,53.0,211.0,580.0,18.0,52.0,47.0,165.0,728.0,1302.0,284.0,758.0,402.0,2710.0,2493.0,91.0,169.0,25.0,67.0,41.0,298.0,165.0,313.0,69.0,218.0,171.0,708.0,774.0,682.0,720.0,132.0,96.0,,4.0,576.0,211.0,60.0,387.0,240.0,627.0,172.0,68.0,275.0,53.0,59.0,1494.0,109.0,162.0,9.0,308.0,540.0,41.0,889.0,280.0,1169.0,45.0,172.0,102.0,70.0,162.0,36.0,120.0,161.0,21.0,42.0,28.0,323.0,23.0,83.0,238.0,517.0,,31.0,26.0,526.0,68.0,3.0,237.0,13.0,44.0,156.0,11.0,9.0,106.0,2.0,8.0,42.0,167.0,97.0,8.0,2.0,6.0,8.0,2412.0,708.0,615.0,58.0,0.5315934065934066,0.5691176470588235,0.8450704225352113,0.3746701846965699,0.373134328358209,0.3165137614678899,0.376657824933687,0.5591397849462365,0.5384615384615384,0.5271565495207667,0.5601941747572815,0.5444915254237288,0.5056497175141242,0.5931200701139352,0.5755813953488372,0.5665064102564102,0.3679611650485437,0.0460829493087557,0.0527777777777777,0.0555555555555555,0.0125,0.5015479876160991,0.8367346938775511,0.1428571428571428,0.6593406593406593,0.2832167832167832,0.7530562347188264,0.2385120350109409,0.6905537459283387,0.2633624878522838,0.3375,0.3061224489795918,0.1544117647058823,0.2301136363636363,0.2666666666666666,0.625,0.6338028169014085,0.748792270531401,0.7514285714285714,0.7627118644067796,0.0467289719626168,98.8685937222912,0.5808383233532934,14.03585313174946,15.09009009009009,13.504535637149027,14.347061347061349,0.3495145631067961,0.6666666666666666,0.7038123167155426,0.5729166666666666,0.1660194174757281,0.4239766081871345,0.4489164086687306,0.3655172413793103,0.116504854368932,0.4291666666666666,0.4345991561181435,0.5728155339805825,0.0864077669902912,0.4101123595505618,0.4101123595505618,0.9315068493150684,0.2815533980582524,0.3637931034482758,0.367595818815331,0.8151658767772512,0.5550847457627118,0.5725190839694656,0.2266666666666666,0.0635593220338983,0.4666666666666667,0.7142857142857143,0.2203389830508474,0.3461538461538461,0.7777777777777778,0.327683615819209,0.6436781609195402,0.0998116760828625,0.4150943396226415,0.3107344632768362,0.2848484848484848,0.7174757281553398,0.3663194444444444,0.5297787694552532,0.5524758064516128,0.5231861480075901,0.1117068811438784,0.1611148878314072,0.0169491525423728,0.1099630996309963,0.2612546125461255,6.440706605222736,25.493403693931395,0.265658747300216,True,6.0,4.0,0.0079155672823219,,0.0103448275862068,202683,1610612752,2019,2018-19,True,493.0,31.0,12.0,29.0,39.0,,18.0,22.0,,,
169692.0,2828.0,538.0,5841.0,5819.0,1633.0,1607.0,679.0,11660.0,1178.0,1930.0,239.0,410.0,322.0,521.0,349.0,859.0,210.0,588.0,196.0,497.0,20.0,54.0,50.0,137.0,489.0,1418.0,37.0,99.0,131.0,386.0,1737.0,3377.0,685.0,1915.0,1091.0,6620.0,6082.0,278.0,515.0,57.0,153.0,134.0,861.0,457.0,891.0,181.0,523.0,465.0,1922.0,1818.0,1656.0,1686.0,369.0,328.0,,14.0,1404.0,489.0,324.0,909.0,562.0,1471.0,377.0,185.0,675.0,142.0,92.0,3504.0,241.0,545.0,19.0,928.0,1210.0,162.0,2300.0,805.0,3105.0,120.0,435.0,284.0,151.0,395.0,88.0,281.0,366.0,43.0,114.0,50.0,761.0,61.0,179.0,597.0,1191.0,2.0,60.0,72.0,1422.0,166.0,27.0,592.0,34.0,148.0,279.0,12.0,7.0,200.0,5.0,13.0,66.0,291.0,180.0,20.0,3.0,9.0,12.0,5759.0,1882.0,1611.0,113.0,0.5233160621761658,0.5778766687857597,0.8204379562043795,0.3577023498694517,0.3725490196078431,0.3460803059273422,0.3603366649132036,0.5143618596387326,0.5398058252427185,0.5129068462401796,0.5223922902494331,0.5441616766467066,0.5152050919377652,0.5598370395518588,0.5772849462365591,0.5686682520808561,0.3618669690098262,0.0959431448030796,0.1119170984455958,0.1024447031431897,0.0340136054421768,0.519053876478318,0.9257142857142856,0.1091954022988505,0.7289156626506024,0.3374613003095975,0.8140350877192982,0.2040643522438611,0.7635714285714286,0.2811158798283262,0.4156545209176788,0.3286852589641434,0.1935483870967742,0.1877828054298642,0.2525252525252525,0.6729377713458755,0.7216494845360825,0.8161157024793388,0.8264192139737991,0.7633928571428571,0.0490396403759705,98.9463262852698,0.6185567010309279,14.523882896764253,14.582918027152433,13.932032186269474,14.101563842584635,0.3647014361300075,0.6103626943005181,0.6872812135355892,0.5730050933786078,0.1623204837490551,0.4062863795110594,0.4526588845654993,0.4068767908309456,0.1111111111111111,0.3571428571428571,0.3697183098591549,0.4380952380952381,0.0939153439153439,0.3943661971830985,0.3983739837398374,0.9438775510204082,0.2679516250944822,0.344851904090268,0.3515456506110712,0.7709611451942741,0.6137724550898204,0.5829268292682926,0.2133891213389121,0.0808383233532934,0.3703703703703703,0.85,0.1482035928143712,0.3737373737373737,0.8648648648648649,0.3684582743988684,0.6180422264875239,0.0968882602545968,0.364963503649635,0.272984441301273,0.3393782383419689,0.7265684051398337,0.3482905982905983,0.5277433978372232,0.5436767190569745,0.5169925554760199,0.1090022636252829,0.1556665790165658,0.0175257731958762,0.130060422960725,0.2903323262839879,6.216168196624222,25.490078328981728,0.2795754151686355,False,32.0,9.0,0.016710182767624,0.0100603621730382,0.0190409026798307,202683,1610612752,2019,2018-19,True,1219.0,59.0,17.0,65.0,113.0,,32.0,32.0,,,
30709.0,512.0,-28.0,1015.0,1025.0,203.0,253.0,100.0,2040.0,198.0,308.0,31.0,54.0,34.0,52.0,77.0,184.0,56.0,156.0,26.0,55.0,5.0,6.0,1.0,8.0,71.0,223.0,4.0,17.0,10.0,42.0,331.0,648.0,97.0,278.0,176.0,1129.0,1157.0,43.0,79.0,9.0,23.0,16.0,129.0,60.0,117.0,11.0,50.0,65.0,218.0,350.0,312.0,252.0,39.0,34.0,,5.0,218.0,71.0,55.0,175.0,84.0,259.0,59.0,25.0,113.0,37.0,25.0,602.0,33.0,85.0,4.0,161.0,180.0,23.0,364.0,122.0,486.0,22.0,65.0,40.0,25.0,75.0,7.0,42.0,42.0,6.0,33.0,4.0,117.0,11.0,28.0,112.0,229.0,,9.0,11.0,229.0,21.0,2.0,98.0,6.0,19.0,52.0,1.0,1.0,43.0,,,9.0,53.0,36.0,2.0,1.0,,3.0,1000.0,218.0,203.0,24.0,0.5287009063444109,0.5573248407643312,0.865979381443299,0.3489208633093525,0.391304347826087,0.22,0.3553113553113553,0.5108024691358025,0.5443037974683544,0.5128205128205128,0.5145788336933045,0.553921568627451,0.4580838323353293,0.5497076023391813,0.581081081081081,0.529126213592233,0.3002159827213823,0.0848765432098765,0.1103896103896103,0.0869565217391304,0.032051282051282,0.6410256410256411,0.7419354838709677,0.1481481481481481,0.5901639344262295,0.2689873417721519,0.7385321100917431,0.1896551724137931,0.6520076481835564,0.2408163265306122,0.3636363636363636,0.3177570093457944,0.1111111111111111,0.193103448275862,0.1724137931034483,0.5668789808917197,0.550561797752809,0.711864406779661,0.7527472527472527,0.6666666666666666,0.0508083140877598,95.65925298772346,0.6792452830188679,14.37536945812808,15.724878048780488,13.816748768472907,15.008780487804875,0.3326133909287257,0.6428571428571429,0.7226277372262774,0.5707070707070707,0.1987041036717062,0.4184782608695652,0.4583333333333333,0.4805194805194805,0.1684665226781857,0.358974358974359,0.3708609271523179,0.4464285714285714,0.0593952483801295,0.4727272727272727,0.4727272727272727,0.9615384615384616,0.2408207343412527,0.3183856502242152,0.3212669683257919,0.8309859154929577,0.5294117647058824,0.5740740740740741,0.3225806451612903,0.0588235294117647,0.8333333333333334,1.0,0.1666666666666666,0.2352941176470588,0.75,0.311377245508982,0.6538461538461539,0.0479041916167664,0.125,0.2514970059880239,0.238095238095238,0.6328293736501079,0.3256880733944954,0.511835233441911,0.5317026315789475,0.5033490797546012,0.1032770605759682,0.1351724137931034,0.0212765957446808,0.1142604074402125,0.1930912311780336,7.441512345679011,25.743884892086328,0.2,True,2.0,2.0,0.0071942446043165,,0.0089686098654708,202683,1610612757,2019,2018-19,True,203.0,15.0,1.0,8.0,18.0,,6.0,3.0,,,
207551.0,3459.0,-316.0,7154.0,7174.0,1836.0,1905.0,786.0,14328.0,1305.0,2155.0,241.0,380.0,326.0,526.0,468.0,1146.0,389.0,992.0,139.0,401.0,19.0,50.0,46.0,129.0,642.0,1764.0,66.0,151.0,174.0,497.0,2162.0,4293.0,781.0,2165.0,1262.0,7929.0,8245.0,303.0,536.0,85.0,201.0,139.0,1000.0,487.0,953.0,220.0,626.0,494.0,2128.0,2016.0,2308.0,1917.0,426.0,372.0,,16.0,1748.0,642.0,336.0,1008.0,639.0,1647.0,505.0,134.0,673.0,164.0,171.0,3933.0,263.0,618.0,22.0,1032.0,1338.0,131.0,2501.0,903.0,3404.0,104.0,538.0,377.0,161.0,471.0,112.0,294.0,425.0,52.0,177.0,61.0,896.0,75.0,191.0,661.0,1470.0,1.0,113.0,97.0,1639.0,149.0,35.0,678.0,29.0,168.0,346.0,21.0,15.0,259.0,6.0,13.0,74.0,367.0,220.0,13.0,11.0,9.0,17.0,6929.0,2102.0,1820.0,168.0,0.4662349676225717,0.5101214574898786,0.8181818181818182,0.3607390300230947,0.4228855721393035,0.3514376996805112,0.3634248487668683,0.5036105287677615,0.5652985074626866,0.5110178384050367,0.5161814803344689,0.5841248303934871,0.5174160861304623,0.5506620209059233,0.606318347509113,0.5659369994660972,0.3352431093217714,0.0782669461914744,0.1058004640371229,0.0732984293193717,0.0241935483870967,0.5256696428571429,0.8733333333333333,0.1151832460732984,0.6693346673336669,0.2927522501184272,0.7605011053795137,0.197151424287856,0.7061978545887961,0.255732946298984,0.3755924170616114,0.2763744427934621,0.1936026936026936,0.1827458256029684,0.2578125,0.6038159371492705,0.6797274275979557,0.7696737044145874,0.7673397717295873,0.7247706422018348,0.0336569579288025,99.40843455343506,0.5994550408719346,14.103438635728264,14.86688040144968,13.558149287112103,14.26623919710064,0.3336946423041189,0.605568445475638,0.6772184743124027,0.5157088122605364,0.1774543202229792,0.4083769633507853,0.4406779661016949,0.3504273504273504,0.1536079281511304,0.3921370967741935,0.4018595041322314,0.4395886889460154,0.0620935274078662,0.3466334164588528,0.351010101010101,0.9640287769784172,0.2731495819139052,0.3639455782312925,0.3670668953687822,0.7866043613707165,0.5156037991858887,0.6342105263157894,0.1410788381742738,0.0678426051560379,0.38,0.9473684210526316,0.2048846675712347,0.4370860927152318,0.8787878787878788,0.3331222292590247,0.6197718631178707,0.0816972767574414,0.3565891472868217,0.3147561747941735,0.3501006036217304,0.6689377516258904,0.3672768878718535,0.5141533716594158,0.5362147540983607,0.5154028525641025,0.1008991008991009,0.1406055578598092,0.0132723112128146,0.1261193088661874,0.2683818892672468,7.253575588166784,25.462909930715934,0.2566396421582331,False,20.0,9.0,0.0092378752886836,0.0124688279301745,0.0085034013605442,202683,1610612757,2019,2018-19,True,1465.0,120.0,21.0,82.0,136.0,,15.0,36.0,,,
59008.0,983.0,-211.0,1994.0,2007.0,603.0,480.0,221.0,4001.0,342.0,510.0,67.0,110.0,108.0,160.0,153.0,377.0,96.0,223.0,56.0,144.0,3.0,14.0,21.0,53.0,152.0,527.0,17.0,42.0,38.0,154.0,591.0,1110.0,208.0,671.0,328.0,2134.0,2345.0,85.0,155.0,20.0,56.0,31.0,261.0,180.0,328.0,59.0,207.0,139.0,676.0,580.0,602.0,537.0,87.0,96.0,1.0,9.0,517.0,151.0,82.0,290.0,179.0,469.0,125.0,54.0,189.0,64.0,37.0,1117.0,81.0,161.0,3.0,279.0,360.0,42.0,681.0,245.0,926.0,26.0,151.0,83.0,68.0,143.0,30.0,79.0,133.0,21.0,64.0,23.0,276.0,15.0,74.0,202.0,416.0,,41.0,22.0,435.0,50.0,5.0,186.0,10.0,42.0,113.0,2.0,2.0,69.0,,4.0,40.0,115.0,61.0,3.0,,3.0,3.0,1873.0,674.0,602.0,40.0,0.4906937394247039,0.5340699815837937,0.8605769230769231,0.3099850968703427,0.3571428571428571,0.2850241545893719,0.3126888217522658,0.5324324324324324,0.5483870967741935,0.5487804878048781,0.5070185289163391,0.5450236966824644,0.5018691588785047,0.5417090539165819,0.5698689956331878,0.5470016207455429,0.3767546322290848,0.0738738738738738,0.0725490196078431,0.1114058355437665,0.0134529147982062,0.5181159420289855,0.8936170212765957,0.0508474576271186,0.6112054329371817,0.3132295719844358,0.7560975609756098,0.1808035714285714,0.6670146137787056,0.2515592515592516,0.3869047619047619,0.3198198198198198,0.2016129032258064,0.1745152354570637,0.2068965517241379,0.5378486055776892,0.6069868995633187,0.7889908256880734,0.7762711864406779,0.6756756756756757,0.0296465222348916,97.6382863340564,0.5304347826086957,14.43530591775326,15.059292476332836,13.909227683049147,14.449427005480818,0.2863559797866367,0.6705882352941176,0.7230443974630021,0.5526315789473685,0.2116788321167883,0.4058355437665782,0.4567164179104477,0.4183006535947712,0.1252105558674901,0.4304932735426009,0.4363636363636363,0.3854166666666667,0.0808534531162268,0.3888888888888889,0.3888888888888889,0.9642857142857144,0.2959011791128579,0.2884250474383302,0.2906309751434034,0.8223684210526315,0.5213270142180095,0.6090909090909091,0.2388059701492537,0.0663507109004739,0.2142857142857142,0.6666666666666666,0.1990521327014218,0.4047619047619047,0.9411764705882352,0.2990654205607476,0.675,0.0990654205607476,0.3962264150943396,0.2878504672897196,0.2467532467532467,0.6631106120157215,0.2920696324951644,0.5057973743647656,0.5312785714285714,0.5083939508506614,0.1018711018711018,0.1492776886035313,0.0147492625368731,0.1223055295220243,0.316776007497657,7.148738738738742,25.920566318926987,0.302407221664995,True,4.0,3.0,0.0059612518628912,,0.0075901328273244,202683,1610612738,2020,2019-20,True,390.0,27.0,3.0,18.0,38.0,,16.0,10.0,,,
150152.0,2503.0,-243.0,5196.0,5175.0,1479.0,1411.0,576.0,10371.0,825.0,1346.0,168.0,280.0,217.0,368.0,316.0,846.0,181.0,462.0,155.0,398.0,14.0,44.0,36.0,93.0,488.0,1435.0,39.0,119.0,139.0,432.0,1322.0,2654.0,643.0,1833.0,1022.0,5595.0,5838.0,210.0,389.0,53.0,163.0,109.0,688.0,334.0,672.0,175.0,525.0,450.0,1643.0,1254.0,1390.0,1551.0,378.0,272.0,,12.0,1423.0,488.0,296.0,627.0,517.0,1144.0,366.0,151.0,427.0,128.0,72.0,2805.0,241.0,404.0,26.0,924.0,894.0,122.0,1940.0,671.0,2611.0,84.0,363.0,220.0,143.0,452.0,84.0,293.0,369.0,38.0,159.0,51.0,821.0,52.0,197.0,497.0,1071.0,4.0,65.0,70.0,1326.0,112.0,35.0,516.0,28.0,152.0,266.0,15.0,11.0,154.0,4.0,5.0,107.0,281.0,165.0,11.0,2.0,3.0,5.0,4907.0,1611.0,1458.0,107.0,0.4742813918305598,0.5286677908937606,0.8040435458786936,0.3507910529187125,0.3251533742331288,0.3333333333333333,0.3531026908292147,0.4981160512434062,0.5398457583547558,0.4970238095238095,0.509583240472476,0.5244565217391305,0.498329156223893,0.5495753505826585,0.5541195476575121,0.5580997949419002,0.4085134833964787,0.1115297663903541,0.1218424962852897,0.1359338061465721,0.0367965367965368,0.5505481120584653,0.9104477611940298,0.1614906832298136,0.6946386946386947,0.3062926459438969,0.8,0.2119613016710642,0.7444717444717445,0.2626221498371335,0.3307692307692307,0.3473282442748092,0.1818181818181818,0.2015590200445434,0.2510460251046025,0.6653919694072657,0.6792828685258964,0.7824427480916031,0.8012820512820513,0.7945205479452054,0.0391425908667288,99.46081304278331,0.5871886120996441,14.56562740569669,14.390144927536232,13.964588144726712,13.814492753623188,0.29997771339425,0.6129271916790491,0.6979695431472082,0.5175757575757576,0.1885446846445286,0.3735224586288416,0.4322845417236662,0.4050632911392405,0.1029641185647426,0.3917748917748918,0.4067415730337079,0.3977900552486187,0.0887006908847782,0.3894472361809045,0.3964194373401534,0.9741935483870968,0.3198127925117004,0.3400696864111498,0.3441466854724965,0.75,0.5072463768115942,0.6,0.1726190476190476,0.0797101449275362,0.3181818181818182,1.0,0.2155797101449275,0.3277310924369748,0.8717948717948718,0.3074352548036758,0.5896739130434783,0.0776942355889724,0.3870967741935484,0.3609022556390977,0.3217592592592592,0.7084911967907288,0.3429374560787069,0.5122978071156856,0.5235650385604114,0.5086023226351354,0.1107717369171248,0.1687377370830608,0.0151106314085267,0.1229669347631814,0.2936550491510277,6.575056518462702,25.802618657937813,0.2846420323325635,False,24.0,8.0,0.0130932896890343,0.0175879396984924,0.0118466898954703,202683,1610612738,2020,2019-20,True,1161.0,79.0,15.0,73.0,125.0,,46.0,22.0,,,
105457.0,1758.0,-154.0,3540.0,3546.0,765.0,833.0,396.0,7086.0,664.0,1022.0,142.0,213.0,147.0,207.0,269.0,624.0,176.0,400.0,145.0,344.0,19.0,41.0,24.0,54.0,320.0,909.0,22.0,72.0,61.0,189.0,1109.0,2046.0,465.0,1253.0,549.0,4162.0,4316.0,157.0,278.0,41.0,113.0,53.0,490.0,232.0,418.0,85.0,243.0,173.0,892.0,1118.0,1100.0,1188.0,207.0,202.0,,13.0,896.0,320.0,163.0,559.0,396.0,955.0,258.0,138.0,349.0,121.0,89.0,2306.0,152.0,291.0,14.0,699.0,564.0,61.0,1324.0,457.0,1781.0,77.0,200.0,128.0,72.0,221.0,55.0,129.0,180.0,23.0,92.0,30.0,401.0,37.0,92.0,344.0,688.0,,51.0,29.0,713.0,86.0,12.0,333.0,11.0,47.0,165.0,14.0,10.0,103.0,4.0,5.0,57.0,179.0,109.0,6.0,2.0,3.0,9.0,3672.0,888.0,762.0,64.0,0.5040577096483319,0.5545634920634921,0.8516129032258064,0.3711093375897845,0.3628318584070796,0.3497942386831276,0.375,0.5420332355816226,0.564748201438849,0.5550239234449761,0.5475901788420734,0.5588235294117647,0.5438729198184569,0.5769230769230769,0.5821428571428572,0.587730870712401,0.3798120642618975,0.0796676441837732,0.1027397260273972,0.0753205128205128,0.0275,0.5511221945137157,0.8356164383561644,0.1555555555555555,0.6308724832214765,0.3115631691648822,0.7606093579978237,0.1992136304062909,0.6966354109211252,0.2610489098408957,0.3966480446927374,0.3068181818181818,0.1830357142857142,0.1946902654867256,0.2121212121212121,0.5653409090909091,0.631578947368421,0.7351598173515982,0.7652519893899205,0.7393939393939394,0.0504918032786885,96.75829959130262,0.6089385474860335,14.316666666666666,15.447264523406655,13.753954802259887,14.833615341229557,0.3097908457108214,0.649706457925636,0.7241003271537623,0.5256024096385542,0.1891482267353743,0.4310897435897436,0.4662045060658579,0.449814126394052,0.1212488632919066,0.44,0.4524421593830334,0.5056818181818182,0.1042740224310397,0.4215116279069767,0.4264705882352941,0.9517241379310344,0.2755380418308578,0.352035203520352,0.3539823008849557,0.80625,0.5447570332480819,0.6666666666666666,0.1690140845070422,0.1048593350383631,0.4634146341463415,0.9473684210526316,0.1841432225063938,0.3055555555555556,0.8636363636363636,0.313161875945537,0.7101449275362319,0.0816944024205748,0.4444444444444444,0.2859304084720121,0.3227513227513227,0.689602909972719,0.3571428571428571,0.5302119598295801,0.595946014492754,0.5279453917050692,0.0967923466516601,0.1452245965983427,0.0087232355273592,0.1177318596828447,0.2143200384430562,6.839393939393939,25.59329608938548,0.2161016949152542,True,9.0,3.0,0.0071827613727055,0.0116279069767441,0.0055005500550055,202683,1610612757,2021,2020-21,True,596.0,40.0,6.0,20.0,39.0,,12.0,19.0,,,
102203.0,1703.0,25.0,3507.0,3532.0,734.0,905.0,368.0,7039.0,625.0,975.0,113.0,177.0,148.0,218.0,200.0,507.0,145.0,333.0,133.0,307.0,18.0,30.0,24.0,65.0,330.0,934.0,31.0,78.0,64.0,210.0,970.0,1815.0,463.0,1241.0,740.0,4069.0,4044.0,141.0,236.0,49.0,108.0,77.0,506.0,196.0,357.0,88.0,275.0,238.0,894.0,948.0,992.0,1095.0,294.0,168.0,,8.0,926.0,330.0,186.0,474.0,365.0,839.0,237.0,128.0,325.0,87.0,62.0,2043.0,160.0,255.0,7.0,694.0,628.0,68.0,1390.0,422.0,1812.0,45.0,240.0,161.0,79.0,275.0,52.0,170.0,214.0,36.0,105.0,33.0,489.0,35.0,80.0,325.0,686.0,,41.0,41.0,925.0,81.0,21.0,385.0,19.0,81.0,147.0,7.0,6.0,101.0,1.0,8.0,38.0,154.0,92.0,5.0,6.0,1.0,9.0,3563.0,858.0,713.0,51.0,0.488659793814433,0.5349887133182845,0.7883369330453563,0.3730862207896857,0.4537037037037037,0.32,0.3755068937550689,0.5344352617079889,0.597457627118644,0.5490196078431373,0.5446662303664922,0.623546511627907,0.5189873417721519,0.585429314830876,0.6498708010335917,0.5778210116731517,0.406086387434555,0.1024793388429752,0.1138461538461538,0.1301775147928994,0.027027027027027,0.5623721881390593,0.9315068493150684,0.0843373493975903,0.7243367935409458,0.3053892215568862,0.8271752085816448,0.2133333333333333,0.7749120750293084,0.2618296529968454,0.3879310344827586,0.2615894039735099,0.2216216216216216,0.2107081174438687,0.2222222222222222,0.6555555555555556,0.7092198581560284,0.8533333333333334,0.8204022988505747,0.8601398601398601,0.0322349570200573,99.17673649501482,0.5974025974025974,14.338180781294554,14.69960362400906,13.87168520102652,14.228482446206115,0.319044502617801,0.6410256410256411,0.7233796296296297,0.52,0.1659031413612565,0.3944773175542406,0.4535147392290249,0.435,0.1089659685863874,0.4354354354354354,0.4475308641975308,0.4275862068965517,0.100458115183246,0.4332247557003257,0.4332247557003257,0.962406015037594,0.3056282722513089,0.3533190578158458,0.3552206673842841,0.7181818181818181,0.5145348837209303,0.6384180790960452,0.168141592920354,0.0872093023255814,0.6,0.9444444444444444,0.2267441860465116,0.3974358974358974,0.9032258064516128,0.3449367088607595,0.6788990825688074,0.1028481012658227,0.3692307692307692,0.3322784810126582,0.3047619047619048,0.725130890052356,0.3563714902807775,0.5300907462195926,0.5907928251121077,0.5286131239935588,0.1195973949082297,0.1816894761680037,0.0150913423351866,0.1243548783484885,0.2197100024576063,6.46055096418733,25.665028203062047,0.2092956943256344,False,5.0,1.0,0.0040290088638195,,0.0053533190578158,202683,1610612757,2021,2020-21,True,765.0,47.0,9.0,31.0,53.0,,11.0,22.0,,,
24683.0,411.0,-70.0,821.0,822.0,240.0,245.0,92.0,1643.0,105.0,161.0,23.0,39.0,36.0,52.0,75.0,192.0,46.0,119.0,23.0,64.0,4.0,10.0,4.0,13.0,74.0,215.0,7.0,18.0,22.0,74.0,226.0,472.0,97.0,279.0,132.0,875.0,945.0,31.0,57.0,11.0,28.0,20.0,115.0,66.0,129.0,26.0,87.0,52.0,262.0,208.0,244.0,243.0,48.0,36.0,,,215.0,74.0,35.0,104.0,81.0,185.0,59.0,22.0,58.0,30.0,16.0,451.0,30.0,72.0,1.0,137.0,131.0,15.0,283.0,103.0,386.0,18.0,68.0,41.0,27.0,56.0,10.0,34.0,40.0,7.0,22.0,6.0,96.0,7.0,26.0,79.0,167.0,,7.0,7.0,181.0,17.0,3.0,73.0,3.0,19.0,47.0,1.0,1.0,24.0,,1.0,22.0,48.0,23.0,4.0,,,,760.0,258.0,238.0,17.0,0.4601769911504424,0.5,0.8350515463917526,0.3476702508960573,0.3928571428571428,0.2988505747126437,0.3476702508960573,0.4788135593220339,0.543859649122807,0.5116279069767442,0.4946737683089214,0.5588235294117647,0.4861111111111111,0.525934861278649,0.5757575757575758,0.5284552845528455,0.3715046604527297,0.0741525423728813,0.1304347826086956,0.0729166666666666,,0.5833333333333334,0.8333333333333334,0.04,0.6179245283018868,0.2962962962962963,0.7365591397849462,0.1714285714285714,0.6733668341708543,0.2440191387559808,0.3571428571428571,0.2956521739130435,0.25,0.1764705882352941,0.1538461538461538,0.5230769230769231,0.62,0.7446808510638298,0.7516778523489933,0.6756756756756757,0.0476190476190476,95.85220597172145,0.4791666666666667,14.931790499390988,15.114355231143552,14.414129110840438,14.408759124087592,0.2143808255659121,0.6521739130434783,0.75,0.5523809523809524,0.255659121171771,0.390625,0.4213483146067415,0.4,0.1584553928095872,0.3865546218487395,0.3865546218487395,0.3478260869565217,0.085219707057257,0.359375,0.3709677419354839,0.9565217391304348,0.2862849533954727,0.3441860465116279,0.3490566037735849,0.7972972972972973,0.4588235294117647,0.5897435897435898,0.217391304347826,0.1176470588235294,0.4,1.0,0.2117647058823529,0.3888888888888889,1.0,0.2407407407407407,0.6923076923076923,0.0601851851851851,0.3076923076923077,0.3425925925925926,0.2972972972972973,0.5858854860186418,0.3441860465116279,0.4946791333333333,0.5285060606060605,0.501227906976744,0.0938271604938271,0.1382575757575757,0.0106382978723404,0.1314285714285714,0.2994285714285714,8.372669491525427,25.686021505376345,0.292326431181486,True,5.0,,0.017921146953405,0.03125,0.013953488372093,202683,1610612738,2022,2021-22,True,158.0,15.0,2.0,8.0,14.0,,2.0,3.0,,,
214177.0,3570.0,-527.0,7154.0,7167.0,1614.0,1676.0,820.0,14321.0,1028.0,1572.0,229.0,364.0,238.0,363.0,596.0,1540.0,318.0,777.0,214.0,586.0,16.0,52.0,39.0,124.0,658.0,1995.0,60.0,189.0,147.0,435.0,1942.0,3889.0,872.0,2581.0,1192.0,7692.0,8219.0,289.0,550.0,76.0,241.0,110.0,916.0,407.0,791.0,186.0,559.0,421.0,1793.0,1808.0,2076.0,2052.0,564.0,372.0,1.0,22.0,1972.0,657.0,404.0,904.0,684.0,1588.0,479.0,205.0,536.0,251.0,117.0,3860.0,357.0,597.0,16.0,1329.0,1141.0,123.0,2593.0,970.0,3563.0,123.0,550.0,355.0,195.0,535.0,135.0,356.0,500.0,59.0,179.0,45.0,1035.0,102.0,226.0,670.0,1425.0,1.0,71.0,97.0,1511.0,143.0,51.0,635.0,24.0,135.0,314.0,14.0,9.0,158.0,5.0,10.0,146.0,328.0,202.0,22.0,4.0,6.0,8.0,6776.0,1760.0,1593.0,121.0,0.4654994850669413,0.5148063781321185,0.7844036697247706,0.3378535451375435,0.3153526970954357,0.332737030411449,0.3403673309886674,0.499357161223965,0.5254545454545455,0.5145385587863464,0.5023183925811437,0.5094816687737042,0.5081481481481481,0.5375210792580101,0.5282909930715936,0.5591939546599496,0.3989180834621329,0.1038827462072512,0.1132315521628498,0.1298701298701298,0.0334620334620334,0.5169082125603864,0.8978102189781022,0.1088435374149659,0.7051915945611866,0.3122384937238494,0.7677642980935875,0.2158403869407497,0.7375335921170498,0.2675266404935502,0.4092592592592592,0.3110151187904967,0.1973094170403587,0.2121212121212121,0.2288828337874659,0.6294896030245747,0.7025920873124147,0.8230337078651685,0.7700976709241172,0.76,0.0391470401018459,96.28596908164742,0.6158536585365854,14.958764327648868,14.952141760848331,14.330304724629578,14.374215152783592,0.242967542503864,0.6539440203562341,0.7374461979913917,0.5214007782101168,0.2380216383307573,0.387012987012987,0.444776119402985,0.4211409395973154,0.1200927357032457,0.4092664092664093,0.4234354194407457,0.3679245283018867,0.0905718701700154,0.3651877133105802,0.370242214532872,0.9579439252336448,0.3083462132921175,0.3298245614035088,0.3341797866937532,0.7279635258358662,0.4601769911504424,0.6291208791208791,0.1659388646288209,0.0657395701643489,0.3076923076923077,0.875,0.2389380530973451,0.3174603174603174,0.8,0.2688888888888889,0.6556473829201102,0.0918518518518518,0.314516129032258,0.3222222222222222,0.3379310344827586,0.641885625965997,0.3331643002028397,0.5046699968948926,0.5291057090239407,0.4953268623024826,0.0940097449125824,0.1449440766948185,0.0080862533692722,0.1190847633905356,0.2330993239729589,7.494188737464635,25.975978302983336,0.225608051439754,False,34.0,5.0,0.0131731886865556,0.0136518771331058,0.013032581453634,202683,1610612738,2022,2021-22,True,1363.0,86.0,32.0,79.0,94.0,,41.0,22.0,,,
24683.0,411.0,-70.0,821.0,822.0,240.0,245.0,92.0,1643.0,105.0,161.0,23.0,39.0,36.0,52.0,75.0,192.0,46.0,119.0,23.0,64.0,4.0,10.0,4.0,13.0,74.0,215.0,7.0,18.0,22.0,74.0,226.0,472.0,97.0,279.0,132.0,875.0,945.0,31.0,57.0,11.0,28.0,20.0,115.0,66.0,129.0,26.0,87.0,52.0,262.0,208.0,244.0,243.0,48.0,36.0,,,215.0,74.0,35.0,104.0,81.0,185.0,59.0,22.0,58.0,30.0,16.0,451.0,30.0,72.0,1.0,137.0,131.0,15.0,283.0,103.0,386.0,18.0,68.0,41.0,27.0,56.0,10.0,34.0,40.0,7.0,22.0,6.0,96.0,7.0,26.0,79.0,167.0,,7.0,7.0,181.0,17.0,3.0,73.0,3.0,19.0,47.0,1.0,1.0,24.0,,1.0,22.0,48.0,23.0,4.0,,,,760.0,258.0,238.0,17.0,0.4601769911504424,0.5,0.8350515463917526,0.3476702508960573,0.3928571428571428,0.2988505747126437,0.3476702508960573,0.4788135593220339,0.543859649122807,0.5116279069767442,0.4946737683089214,0.5588235294117647,0.4861111111111111,0.525934861278649,0.5757575757575758,0.5284552845528455,0.3715046604527297,0.0741525423728813,0.1304347826086956,0.0729166666666666,,0.5833333333333334,0.8333333333333334,0.04,0.6179245283018868,0.2962962962962963,0.7365591397849462,0.1714285714285714,0.6733668341708543,0.2440191387559808,0.3571428571428571,0.2956521739130435,0.25,0.1764705882352941,0.1538461538461538,0.5230769230769231,0.62,0.7446808510638298,0.7516778523489933,0.6756756756756757,0.0476190476190476,95.85220597172145,0.4791666666666667,14.931790499390988,15.114355231143552,14.414129110840438,14.408759124087592,0.2143808255659121,0.6521739130434783,0.75,0.5523809523809524,0.255659121171771,0.390625,0.4213483146067415,0.4,0.1584553928095872,0.3865546218487395,0.3865546218487395,0.3478260869565217,0.085219707057257,0.359375,0.3709677419354839,0.9565217391304348,0.2862849533954727,0.3441860465116279,0.3490566037735849,0.7972972972972973,0.4588235294117647,0.5897435897435898,0.217391304347826,0.1176470588235294,0.4,1.0,0.2117647058823529,0.3888888888888889,1.0,0.2407407407407407,0.6923076923076923,0.0601851851851851,0.3076923076923077,0.3425925925925926,0.2972972972972973,0.5858854860186418,0.3441860465116279,0.4946791333333333,0.5285060606060605,0.501227906976744,0.0938271604938271,0.1382575757575757,0.0106382978723404,0.1314285714285714,0.2994285714285714,8.372669491525427,25.686021505376345,0.292326431181486,True,5.0,,0.017921146953405,0.03125,0.013953488372093,202683,1610612738,2022,2021-22,True,158.0,15.0,2.0,8.0,14.0,,2.0,3.0,,,
214177.0,3570.0,-527.0,7154.0,7167.0,1614.0,1676.0,820.0,14321.0,1028.0,1572.0,229.0,364.0,238.0,363.0,596.0,1540.0,318.0,777.0,214.0,586.0,16.0,52.0,39.0,124.0,658.0,1995.0,60.0,189.0,147.0,435.0,1942.0,3889.0,872.0,2581.0,1192.0,7692.0,8219.0,289.0,550.0,76.0,241.0,110.0,916.0,407.0,791.0,186.0,559.0,421.0,1793.0,1808.0,2076.0,2052.0,564.0,372.0,1.0,22.0,1972.0,657.0,404.0,904.0,684.0,1588.0,479.0,205.0,536.0,251.0,117.0,3860.0,357.0,597.0,16.0,1329.0,1141.0,123.0,2593.0,970.0,3563.0,123.0,550.0,355.0,195.0,535.0,135.0,356.0,500.0,59.0,179.0,45.0,1035.0,102.0,226.0,670.0,1425.0,1.0,71.0,97.0,1511.0,143.0,51.0,635.0,24.0,135.0,314.0,14.0,9.0,158.0,5.0,10.0,146.0,328.0,202.0,22.0,4.0,6.0,8.0,6776.0,1760.0,1593.0,121.0,0.4654994850669413,0.5148063781321185,0.7844036697247706,0.3378535451375435,0.3153526970954357,0.332737030411449,0.3403673309886674,0.499357161223965,0.5254545454545455,0.5145385587863464,0.5023183925811437,0.5094816687737042,0.5081481481481481,0.5375210792580101,0.5282909930715936,0.5591939546599496,0.3989180834621329,0.1038827462072512,0.1132315521628498,0.1298701298701298,0.0334620334620334,0.5169082125603864,0.8978102189781022,0.1088435374149659,0.7051915945611866,0.3122384937238494,0.7677642980935875,0.2158403869407497,0.7375335921170498,0.2675266404935502,0.4092592592592592,0.3110151187904967,0.1973094170403587,0.2121212121212121,0.2288828337874659,0.6294896030245747,0.7025920873124147,0.8230337078651685,0.7700976709241172,0.76,0.0391470401018459,96.28596908164742,0.6158536585365854,14.958764327648868,14.952141760848331,14.330304724629578,14.374215152783592,0.242967542503864,0.6539440203562341,0.7374461979913917,0.5214007782101168,0.2380216383307573,0.387012987012987,0.444776119402985,0.4211409395973154,0.1200927357032457,0.4092664092664093,0.4234354194407457,0.3679245283018867,0.0905718701700154,0.3651877133105802,0.370242214532872,0.9579439252336448,0.3083462132921175,0.3298245614035088,0.3341797866937532,0.7279635258358662,0.4601769911504424,0.6291208791208791,0.1659388646288209,0.0657395701643489,0.3076923076923077,0.875,0.2389380530973451,0.3174603174603174,0.8,0.2688888888888889,0.6556473829201102,0.0918518518518518,0.314516129032258,0.3222222222222222,0.3379310344827586,0.641885625965997,0.3331643002028397,0.5046699968948926,0.5291057090239407,0.4953268623024826,0.0940097449125824,0.1449440766948185,0.0080862533692722,0.1190847633905356,0.2330993239729589,7.494188737464635,25.975978302983336,0.225608051439754,False,34.0,5.0,0.0131731886865556,0.0136518771331058,0.013032581453634,202683,1610612738,2022,2021-22,True,1363.0,86.0,32.0,79.0,94.0,,41.0,22.0,,,
24683.0,411.0,-70.0,821.0,822.0,240.0,245.0,92.0,1643.0,105.0,161.0,23.0,39.0,36.0,52.0,75.0,192.0,46.0,119.0,23.0,64.0,4.0,10.0,4.0,13.0,74.0,215.0,7.0,18.0,22.0,74.0,226.0,472.0,97.0,279.0,132.0,875.0,945.0,31.0,57.0,11.0,28.0,20.0,115.0,66.0,129.0,26.0,87.0,52.0,262.0,208.0,244.0,243.0,48.0,36.0,,,215.0,74.0,35.0,104.0,81.0,185.0,59.0,22.0,58.0,30.0,16.0,451.0,30.0,72.0,1.0,137.0,131.0,15.0,283.0,103.0,386.0,18.0,68.0,41.0,27.0,56.0,10.0,34.0,40.0,7.0,22.0,6.0,96.0,7.0,26.0,79.0,167.0,,7.0,7.0,181.0,17.0,3.0,73.0,3.0,19.0,47.0,1.0,1.0,24.0,,1.0,22.0,48.0,23.0,4.0,,,,760.0,258.0,238.0,17.0,0.4601769911504424,0.5,0.8350515463917526,0.3476702508960573,0.3928571428571428,0.2988505747126437,0.3476702508960573,0.4788135593220339,0.543859649122807,0.5116279069767442,0.4946737683089214,0.5588235294117647,0.4861111111111111,0.525934861278649,0.5757575757575758,0.5284552845528455,0.3715046604527297,0.0741525423728813,0.1304347826086956,0.0729166666666666,,0.5833333333333334,0.8333333333333334,0.04,0.6179245283018868,0.2962962962962963,0.7365591397849462,0.1714285714285714,0.6733668341708543,0.2440191387559808,0.3571428571428571,0.2956521739130435,0.25,0.1764705882352941,0.1538461538461538,0.5230769230769231,0.62,0.7446808510638298,0.7516778523489933,0.6756756756756757,0.0476190476190476,95.85220597172145,0.4791666666666667,14.931790499390988,15.114355231143552,14.414129110840438,14.408759124087592,0.2143808255659121,0.6521739130434783,0.75,0.5523809523809524,0.255659121171771,0.390625,0.4213483146067415,0.4,0.1584553928095872,0.3865546218487395,0.3865546218487395,0.3478260869565217,0.085219707057257,0.359375,0.3709677419354839,0.9565217391304348,0.2862849533954727,0.3441860465116279,0.3490566037735849,0.7972972972972973,0.4588235294117647,0.5897435897435898,0.217391304347826,0.1176470588235294,0.4,1.0,0.2117647058823529,0.3888888888888889,1.0,0.2407407407407407,0.6923076923076923,0.0601851851851851,0.3076923076923077,0.3425925925925926,0.2972972972972973,0.5858854860186418,0.3441860465116279,0.4946791333333333,0.5285060606060605,0.501227906976744,0.0938271604938271,0.1382575757575757,0.0106382978723404,0.1314285714285714,0.2994285714285714,8.372669491525427,25.686021505376345,0.292326431181486,True,5.0,,0.017921146953405,0.03125,0.013953488372093,202683,1610612738,2022,2021-22,True,158.0,15.0,2.0,8.0,14.0,,2.0,3.0,,,
214177.0,3570.0,-527.0,7154.0,7167.0,1614.0,1676.0,820.0,14321.0,1028.0,1572.0,229.0,364.0,238.0,363.0,596.0,1540.0,318.0,777.0,214.0,586.0,16.0,52.0,39.0,124.0,658.0,1995.0,60.0,189.0,147.0,435.0,1942.0,3889.0,872.0,2581.0,1192.0,7692.0,8219.0,289.0,550.0,76.0,241.0,110.0,916.0,407.0,791.0,186.0,559.0,421.0,1793.0,1808.0,2076.0,2052.0,564.0,372.0,1.0,22.0,1972.0,657.0,404.0,904.0,684.0,1588.0,479.0,205.0,536.0,251.0,117.0,3860.0,357.0,597.0,16.0,1329.0,1141.0,123.0,2593.0,970.0,3563.0,123.0,550.0,355.0,195.0,535.0,135.0,356.0,500.0,59.0,179.0,45.0,1035.0,102.0,226.0,670.0,1425.0,1.0,71.0,97.0,1511.0,143.0,51.0,635.0,24.0,135.0,314.0,14.0,9.0,158.0,5.0,10.0,146.0,328.0,202.0,22.0,4.0,6.0,8.0,6776.0,1760.0,1593.0,121.0,0.4654994850669413,0.5148063781321185,0.7844036697247706,0.3378535451375435,0.3153526970954357,0.332737030411449,0.3403673309886674,0.499357161223965,0.5254545454545455,0.5145385587863464,0.5023183925811437,0.5094816687737042,0.5081481481481481,0.5375210792580101,0.5282909930715936,0.5591939546599496,0.3989180834621329,0.1038827462072512,0.1132315521628498,0.1298701298701298,0.0334620334620334,0.5169082125603864,0.8978102189781022,0.1088435374149659,0.7051915945611866,0.3122384937238494,0.7677642980935875,0.2158403869407497,0.7375335921170498,0.2675266404935502,0.4092592592592592,0.3110151187904967,0.1973094170403587,0.2121212121212121,0.2288828337874659,0.6294896030245747,0.7025920873124147,0.8230337078651685,0.7700976709241172,0.76,0.0391470401018459,96.28596908164742,0.6158536585365854,14.958764327648868,14.952141760848331,14.330304724629578,14.374215152783592,0.242967542503864,0.6539440203562341,0.7374461979913917,0.5214007782101168,0.2380216383307573,0.387012987012987,0.444776119402985,0.4211409395973154,0.1200927357032457,0.4092664092664093,0.4234354194407457,0.3679245283018867,0.0905718701700154,0.3651877133105802,0.370242214532872,0.9579439252336448,0.3083462132921175,0.3298245614035088,0.3341797866937532,0.7279635258358662,0.4601769911504424,0.6291208791208791,0.1659388646288209,0.0657395701643489,0.3076923076923077,0.875,0.2389380530973451,0.3174603174603174,0.8,0.2688888888888889,0.6556473829201102,0.0918518518518518,0.314516129032258,0.3222222222222222,0.3379310344827586,0.641885625965997,0.3331643002028397,0.5046699968948926,0.5291057090239407,0.4953268623024826,0.0940097449125824,0.1449440766948185,0.0080862533692722,0.1190847633905356,0.2330993239729589,7.494188737464635,25.975978302983336,0.225608051439754,False,34.0,5.0,0.0131731886865556,0.0136518771331058,0.013032581453634,202683,1610612738,2022,2021-22,True,1363.0,86.0,32.0,79.0,94.0,,41.0,22.0,,,
24683.0,411.0,-70.0,821.0,822.0,240.0,245.0,92.0,1643.0,105.0,161.0,23.0,39.0,36.0,52.0,75.0,192.0,46.0,119.0,23.0,64.0,4.0,10.0,4.0,13.0,74.0,215.0,7.0,18.0,22.0,74.0,226.0,472.0,97.0,279.0,132.0,875.0,945.0,31.0,57.0,11.0,28.0,20.0,115.0,66.0,129.0,26.0,87.0,52.0,262.0,208.0,244.0,243.0,48.0,36.0,,,215.0,74.0,35.0,104.0,81.0,185.0,59.0,22.0,58.0,30.0,16.0,451.0,30.0,72.0,1.0,137.0,131.0,15.0,283.0,103.0,386.0,18.0,68.0,41.0,27.0,56.0,10.0,34.0,40.0,7.0,22.0,6.0,96.0,7.0,26.0,79.0,167.0,,7.0,7.0,181.0,17.0,3.0,73.0,3.0,19.0,47.0,1.0,1.0,24.0,,1.0,22.0,48.0,23.0,4.0,,,,760.0,258.0,238.0,17.0,0.4601769911504424,0.5,0.8350515463917526,0.3476702508960573,0.3928571428571428,0.2988505747126437,0.3476702508960573,0.4788135593220339,0.543859649122807,0.5116279069767442,0.4946737683089214,0.5588235294117647,0.4861111111111111,0.525934861278649,0.5757575757575758,0.5284552845528455,0.3715046604527297,0.0741525423728813,0.1304347826086956,0.0729166666666666,,0.5833333333333334,0.8333333333333334,0.04,0.6179245283018868,0.2962962962962963,0.7365591397849462,0.1714285714285714,0.6733668341708543,0.2440191387559808,0.3571428571428571,0.2956521739130435,0.25,0.1764705882352941,0.1538461538461538,0.5230769230769231,0.62,0.7446808510638298,0.7516778523489933,0.6756756756756757,0.0476190476190476,95.85220597172145,0.4791666666666667,14.931790499390988,15.114355231143552,14.414129110840438,14.408759124087592,0.2143808255659121,0.6521739130434783,0.75,0.5523809523809524,0.255659121171771,0.390625,0.4213483146067415,0.4,0.1584553928095872,0.3865546218487395,0.3865546218487395,0.3478260869565217,0.085219707057257,0.359375,0.3709677419354839,0.9565217391304348,0.2862849533954727,0.3441860465116279,0.3490566037735849,0.7972972972972973,0.4588235294117647,0.5897435897435898,0.217391304347826,0.1176470588235294,0.4,1.0,0.2117647058823529,0.3888888888888889,1.0,0.2407407407407407,0.6923076923076923,0.0601851851851851,0.3076923076923077,0.3425925925925926,0.2972972972972973,0.5858854860186418,0.3441860465116279,0.4946791333333333,0.5285060606060605,0.501227906976744,0.0938271604938271,0.1382575757575757,0.0106382978723404,0.1314285714285714,0.2994285714285714,8.372669491525427,25.686021505376345,0.292326431181486,True,5.0,,0.017921146953405,0.03125,0.013953488372093,202683,1610612738,2022,2021-22,True,158.0,15.0,2.0,8.0,14.0,,2.0,3.0,,,
214177.0,3570.0,-527.0,7154.0,7167.0,1614.0,1676.0,820.0,14321.0,1028.0,1572.0,229.0,364.0,238.0,363.0,596.0,1540.0,318.0,777.0,214.0,586.0,16.0,52.0,39.0,124.0,658.0,1995.0,60.0,189.0,147.0,435.0,1942.0,3889.0,872.0,2581.0,1192.0,7692.0,8219.0,289.0,550.0,76.0,241.0,110.0,916.0,407.0,791.0,186.0,559.0,421.0,1793.0,1808.0,2076.0,2052.0,564.0,372.0,1.0,22.0,1972.0,657.0,404.0,904.0,684.0,1588.0,479.0,205.0,536.0,251.0,117.0,3860.0,357.0,597.0,16.0,1329.0,1141.0,123.0,2593.0,970.0,3563.0,123.0,550.0,355.0,195.0,535.0,135.0,356.0,500.0,59.0,179.0,45.0,1035.0,102.0,226.0,670.0,1425.0,1.0,71.0,97.0,1511.0,143.0,51.0,635.0,24.0,135.0,314.0,14.0,9.0,158.0,5.0,10.0,146.0,328.0,202.0,22.0,4.0,6.0,8.0,6776.0,1760.0,1593.0,121.0,0.4654994850669413,0.5148063781321185,0.7844036697247706,0.3378535451375435,0.3153526970954357,0.332737030411449,0.3403673309886674,0.499357161223965,0.5254545454545455,0.5145385587863464,0.5023183925811437,0.5094816687737042,0.5081481481481481,0.5375210792580101,0.5282909930715936,0.5591939546599496,0.3989180834621329,0.1038827462072512,0.1132315521628498,0.1298701298701298,0.0334620334620334,0.5169082125603864,0.8978102189781022,0.1088435374149659,0.7051915945611866,0.3122384937238494,0.7677642980935875,0.2158403869407497,0.7375335921170498,0.2675266404935502,0.4092592592592592,0.3110151187904967,0.1973094170403587,0.2121212121212121,0.2288828337874659,0.6294896030245747,0.7025920873124147,0.8230337078651685,0.7700976709241172,0.76,0.0391470401018459,96.28596908164742,0.6158536585365854,14.958764327648868,14.952141760848331,14.330304724629578,14.374215152783592,0.242967542503864,0.6539440203562341,0.7374461979913917,0.5214007782101168,0.2380216383307573,0.387012987012987,0.444776119402985,0.4211409395973154,0.1200927357032457,0.4092664092664093,0.4234354194407457,0.3679245283018867,0.0905718701700154,0.3651877133105802,0.370242214532872,0.9579439252336448,0.3083462132921175,0.3298245614035088,0.3341797866937532,0.7279635258358662,0.4601769911504424,0.6291208791208791,0.1659388646288209,0.0657395701643489,0.3076923076923077,0.875,0.2389380530973451,0.3174603174603174,0.8,0.2688888888888889,0.6556473829201102,0.0918518518518518,0.314516129032258,0.3222222222222222,0.3379310344827586,0.641885625965997,0.3331643002028397,0.5046699968948926,0.5291057090239407,0.4953268623024826,0.0940097449125824,0.1449440766948185,0.0080862533692722,0.1190847633905356,0.2330993239729589,7.494188737464635,25.975978302983336,0.225608051439754,False,34.0,5.0,0.0131731886865556,0.0136518771331058,0.013032581453634,202683,1610612738,2022,2021-22,True,1363.0,86.0,32.0,79.0,94.0,,41.0,22.0,,,
24683.0,411.0,-70.0,821.0,822.0,240.0,245.0,92.0,1643.0,105.0,161.0,23.0,39.0,36.0,52.0,75.0,192.0,46.0,119.0,23.0,64.0,4.0,10.0,4.0,13.0,74.0,215.0,7.0,18.0,22.0,74.0,226.0,472.0,97.0,279.0,132.0,875.0,945.0,31.0,57.0,11.0,28.0,20.0,115.0,66.0,129.0,26.0,87.0,52.0,262.0,208.0,244.0,243.0,48.0,36.0,,,215.0,74.0,35.0,104.0,81.0,185.0,59.0,22.0,58.0,30.0,16.0,451.0,30.0,72.0,1.0,137.0,131.0,15.0,283.0,103.0,386.0,18.0,68.0,41.0,27.0,56.0,10.0,34.0,40.0,7.0,22.0,6.0,96.0,7.0,26.0,79.0,167.0,,7.0,7.0,181.0,17.0,3.0,73.0,3.0,19.0,47.0,1.0,1.0,24.0,,1.0,22.0,48.0,23.0,4.0,,,,760.0,258.0,238.0,17.0,0.4601769911504424,0.5,0.8350515463917526,0.3476702508960573,0.3928571428571428,0.2988505747126437,0.3476702508960573,0.4788135593220339,0.543859649122807,0.5116279069767442,0.4946737683089214,0.5588235294117647,0.4861111111111111,0.525934861278649,0.5757575757575758,0.5284552845528455,0.3715046604527297,0.0741525423728813,0.1304347826086956,0.0729166666666666,,0.5833333333333334,0.8333333333333334,0.04,0.6179245283018868,0.2962962962962963,0.7365591397849462,0.1714285714285714,0.6733668341708543,0.2440191387559808,0.3571428571428571,0.2956521739130435,0.25,0.1764705882352941,0.1538461538461538,0.5230769230769231,0.62,0.7446808510638298,0.7516778523489933,0.6756756756756757,0.0476190476190476,95.85220597172145,0.4791666666666667,14.931790499390988,15.114355231143552,14.414129110840438,14.408759124087592,0.2143808255659121,0.6521739130434783,0.75,0.5523809523809524,0.255659121171771,0.390625,0.4213483146067415,0.4,0.1584553928095872,0.3865546218487395,0.3865546218487395,0.3478260869565217,0.085219707057257,0.359375,0.3709677419354839,0.9565217391304348,0.2862849533954727,0.3441860465116279,0.3490566037735849,0.7972972972972973,0.4588235294117647,0.5897435897435898,0.217391304347826,0.1176470588235294,0.4,1.0,0.2117647058823529,0.3888888888888889,1.0,0.2407407407407407,0.6923076923076923,0.0601851851851851,0.3076923076923077,0.3425925925925926,0.2972972972972973,0.5858854860186418,0.3441860465116279,0.4946791333333333,0.5285060606060605,0.501227906976744,0.0938271604938271,0.1382575757575757,0.0106382978723404,0.1314285714285714,0.2994285714285714,8.372669491525427,25.686021505376345,0.292326431181486,True,5.0,,0.017921146953405,0.03125,0.013953488372093,202683,1610612738,2022,2021-22,True,158.0,15.0,2.0,8.0,14.0,,2.0,3.0,,,
214177.0,3570.0,-527.0,7154.0,7167.0,1614.0,1676.0,820.0,14321.0,1028.0,1572.0,229.0,364.0,238.0,363.0,596.0,1540.0,318.0,777.0,214.0,586.0,16.0,52.0,39.0,124.0,658.0,1995.0,60.0,189.0,147.0,435.0,1942.0,3889.0,872.0,2581.0,1192.0,7692.0,8219.0,289.0,550.0,76.0,241.0,110.0,916.0,407.0,791.0,186.0,559.0,421.0,1793.0,1808.0,2076.0,2052.0,564.0,372.0,1.0,22.0,1972.0,657.0,404.0,904.0,684.0,1588.0,479.0,205.0,536.0,251.0,117.0,3860.0,357.0,597.0,16.0,1329.0,1141.0,123.0,2593.0,970.0,3563.0,123.0,550.0,355.0,195.0,535.0,135.0,356.0,500.0,59.0,179.0,45.0,1035.0,102.0,226.0,670.0,1425.0,1.0,71.0,97.0,1511.0,143.0,51.0,635.0,24.0,135.0,314.0,14.0,9.0,158.0,5.0,10.0,146.0,328.0,202.0,22.0,4.0,6.0,8.0,6776.0,1760.0,1593.0,121.0,0.4654994850669413,0.5148063781321185,0.7844036697247706,0.3378535451375435,0.3153526970954357,0.332737030411449,0.3403673309886674,0.499357161223965,0.5254545454545455,0.5145385587863464,0.5023183925811437,0.5094816687737042,0.5081481481481481,0.5375210792580101,0.5282909930715936,0.5591939546599496,0.3989180834621329,0.1038827462072512,0.1132315521628498,0.1298701298701298,0.0334620334620334,0.5169082125603864,0.8978102189781022,0.1088435374149659,0.7051915945611866,0.3122384937238494,0.7677642980935875,0.2158403869407497,0.7375335921170498,0.2675266404935502,0.4092592592592592,0.3110151187904967,0.1973094170403587,0.2121212121212121,0.2288828337874659,0.6294896030245747,0.7025920873124147,0.8230337078651685,0.7700976709241172,0.76,0.0391470401018459,96.28596908164742,0.6158536585365854,14.958764327648868,14.952141760848331,14.330304724629578,14.374215152783592,0.242967542503864,0.6539440203562341,0.7374461979913917,0.5214007782101168,0.2380216383307573,0.387012987012987,0.444776119402985,0.4211409395973154,0.1200927357032457,0.4092664092664093,0.4234354194407457,0.3679245283018867,0.0905718701700154,0.3651877133105802,0.370242214532872,0.9579439252336448,0.3083462132921175,0.3298245614035088,0.3341797866937532,0.7279635258358662,0.4601769911504424,0.6291208791208791,0.1659388646288209,0.0657395701643489,0.3076923076923077,0.875,0.2389380530973451,0.3174603174603174,0.8,0.2688888888888889,0.6556473829201102,0.0918518518518518,0.314516129032258,0.3222222222222222,0.3379310344827586,0.641885625965997,0.3331643002028397,0.5046699968948926,0.5291057090239407,0.4953268623024826,0.0940097449125824,0.1449440766948185,0.0080862533692722,0.1190847633905356,0.2330993239729589,7.494188737464635,25.975978302983336,0.225608051439754,False,34.0,5.0,0.0131731886865556,0.0136518771331058,0.013032581453634,202683,1610612738,2022,2021-22,True,1363.0,86.0,32.0,79.0,94.0,,41.0,22.0,,,
24683.0,411.0,-70.0,821.0,822.0,240.0,245.0,92.0,1643.0,105.0,161.0,23.0,39.0,36.0,52.0,75.0,192.0,46.0,119.0,23.0,64.0,4.0,10.0,4.0,13.0,74.0,215.0,7.0,18.0,22.0,74.0,226.0,472.0,97.0,279.0,132.0,875.0,945.0,31.0,57.0,11.0,28.0,20.0,115.0,66.0,129.0,26.0,87.0,52.0,262.0,208.0,244.0,243.0,48.0,36.0,,,215.0,74.0,35.0,104.0,81.0,185.0,59.0,22.0,58.0,30.0,16.0,451.0,30.0,72.0,1.0,137.0,131.0,15.0,283.0,103.0,386.0,18.0,68.0,41.0,27.0,56.0,10.0,34.0,40.0,7.0,22.0,6.0,96.0,7.0,26.0,79.0,167.0,,7.0,7.0,181.0,17.0,3.0,73.0,3.0,19.0,47.0,1.0,1.0,24.0,,1.0,22.0,48.0,23.0,4.0,,,,760.0,258.0,238.0,17.0,0.4601769911504424,0.5,0.8350515463917526,0.3476702508960573,0.3928571428571428,0.2988505747126437,0.3476702508960573,0.4788135593220339,0.543859649122807,0.5116279069767442,0.4946737683089214,0.5588235294117647,0.4861111111111111,0.525934861278649,0.5757575757575758,0.5284552845528455,0.3715046604527297,0.0741525423728813,0.1304347826086956,0.0729166666666666,,0.5833333333333334,0.8333333333333334,0.04,0.6179245283018868,0.2962962962962963,0.7365591397849462,0.1714285714285714,0.6733668341708543,0.2440191387559808,0.3571428571428571,0.2956521739130435,0.25,0.1764705882352941,0.1538461538461538,0.5230769230769231,0.62,0.7446808510638298,0.7516778523489933,0.6756756756756757,0.0476190476190476,95.85220597172145,0.4791666666666667,14.931790499390988,15.114355231143552,14.414129110840438,14.408759124087592,0.2143808255659121,0.6521739130434783,0.75,0.5523809523809524,0.255659121171771,0.390625,0.4213483146067415,0.4,0.1584553928095872,0.3865546218487395,0.3865546218487395,0.3478260869565217,0.085219707057257,0.359375,0.3709677419354839,0.9565217391304348,0.2862849533954727,0.3441860465116279,0.3490566037735849,0.7972972972972973,0.4588235294117647,0.5897435897435898,0.217391304347826,0.1176470588235294,0.4,1.0,0.2117647058823529,0.3888888888888889,1.0,0.2407407407407407,0.6923076923076923,0.0601851851851851,0.3076923076923077,0.3425925925925926,0.2972972972972973,0.5858854860186418,0.3441860465116279,0.4946791333333333,0.5285060606060605,0.501227906976744,0.0938271604938271,0.1382575757575757,0.0106382978723404,0.1314285714285714,0.2994285714285714,8.372669491525427,25.686021505376345,0.292326431181486,True,5.0,,0.017921146953405,0.03125,0.013953488372093,202683,1610612738,2022,2021-22,True,158.0,15.0,2.0,8.0,14.0,,2.0,3.0,,,
214177.0,3570.0,-527.0,7154.0,7167.0,1614.0,1676.0,820.0,14321.0,1028.0,1572.0,229.0,364.0,238.0,363.0,596.0,1540.0,318.0,777.0,214.0,586.0,16.0,52.0,39.0,124.0,658.0,1995.0,60.0,189.0,147.0,435.0,1942.0,3889.0,872.0,2581.0,1192.0,7692.0,8219.0,289.0,550.0,76.0,241.0,110.0,916.0,407.0,791.0,186.0,559.0,421.0,1793.0,1808.0,2076.0,2052.0,564.0,372.0,1.0,22.0,1972.0,657.0,404.0,904.0,684.0,1588.0,479.0,205.0,536.0,251.0,117.0,3860.0,357.0,597.0,16.0,1329.0,1141.0,123.0,2593.0,970.0,3563.0,123.0,550.0,355.0,195.0,535.0,135.0,356.0,500.0,59.0,179.0,45.0,1035.0,102.0,226.0,670.0,1425.0,1.0,71.0,97.0,1511.0,143.0,51.0,635.0,24.0,135.0,314.0,14.0,9.0,158.0,5.0,10.0,146.0,328.0,202.0,22.0,4.0,6.0,8.0,6776.0,1760.0,1593.0,121.0,0.4654994850669413,0.5148063781321185,0.7844036697247706,0.3378535451375435,0.3153526970954357,0.332737030411449,0.3403673309886674,0.499357161223965,0.5254545454545455,0.5145385587863464,0.5023183925811437,0.5094816687737042,0.5081481481481481,0.5375210792580101,0.5282909930715936,0.5591939546599496,0.3989180834621329,0.1038827462072512,0.1132315521628498,0.1298701298701298,0.0334620334620334,0.5169082125603864,0.8978102189781022,0.1088435374149659,0.7051915945611866,0.3122384937238494,0.7677642980935875,0.2158403869407497,0.7375335921170498,0.2675266404935502,0.4092592592592592,0.3110151187904967,0.1973094170403587,0.2121212121212121,0.2288828337874659,0.6294896030245747,0.7025920873124147,0.8230337078651685,0.7700976709241172,0.76,0.0391470401018459,96.28596908164742,0.6158536585365854,14.958764327648868,14.952141760848331,14.330304724629578,14.374215152783592,0.242967542503864,0.6539440203562341,0.7374461979913917,0.5214007782101168,0.2380216383307573,0.387012987012987,0.444776119402985,0.4211409395973154,0.1200927357032457,0.4092664092664093,0.4234354194407457,0.3679245283018867,0.0905718701700154,0.3651877133105802,0.370242214532872,0.9579439252336448,0.3083462132921175,0.3298245614035088,0.3341797866937532,0.7279635258358662,0.4601769911504424,0.6291208791208791,0.1659388646288209,0.0657395701643489,0.3076923076923077,0.875,0.2389380530973451,0.3174603174603174,0.8,0.2688888888888889,0.6556473829201102,0.0918518518518518,0.314516129032258,0.3222222222222222,0.3379310344827586,0.641885625965997,0.3331643002028397,0.5046699968948926,0.5291057090239407,0.4953268623024826,0.0940097449125824,0.1449440766948185,0.0080862533692722,0.1190847633905356,0.2330993239729589,7.494188737464635,25.975978302983336,0.225608051439754,False,34.0,5.0,0.0131731886865556,0.0136518771331058,0.013032581453634,202683,1610612738,2022,2021-22,True,1363.0,86.0,32.0,79.0,94.0,,41.0,22.0,,,
24683.0,411.0,-70.0,821.0,822.0,240.0,245.0,92.0,1643.0,105.0,161.0,23.0,39.0,36.0,52.0,75.0,192.0,46.0,119.0,23.0,64.0,4.0,10.0,4.0,13.0,74.0,215.0,7.0,18.0,22.0,74.0,226.0,472.0,97.0,279.0,132.0,875.0,945.0,31.0,57.0,11.0,28.0,20.0,115.0,66.0,129.0,26.0,87.0,52.0,262.0,208.0,244.0,243.0,48.0,36.0,,,215.0,74.0,35.0,104.0,81.0,185.0,59.0,22.0,58.0,30.0,16.0,451.0,30.0,72.0,1.0,137.0,131.0,15.0,283.0,103.0,386.0,18.0,68.0,41.0,27.0,56.0,10.0,34.0,40.0,7.0,22.0,6.0,96.0,7.0,26.0,79.0,167.0,,7.0,7.0,181.0,17.0,3.0,73.0,3.0,19.0,47.0,1.0,1.0,24.0,,1.0,22.0,48.0,23.0,4.0,,,,760.0,258.0,238.0,17.0,0.4601769911504424,0.5,0.8350515463917526,0.3476702508960573,0.3928571428571428,0.2988505747126437,0.3476702508960573,0.4788135593220339,0.543859649122807,0.5116279069767442,0.4946737683089214,0.5588235294117647,0.4861111111111111,0.525934861278649,0.5757575757575758,0.5284552845528455,0.3715046604527297,0.0741525423728813,0.1304347826086956,0.0729166666666666,,0.5833333333333334,0.8333333333333334,0.04,0.6179245283018868,0.2962962962962963,0.7365591397849462,0.1714285714285714,0.6733668341708543,0.2440191387559808,0.3571428571428571,0.2956521739130435,0.25,0.1764705882352941,0.1538461538461538,0.5230769230769231,0.62,0.7446808510638298,0.7516778523489933,0.6756756756756757,0.0476190476190476,95.85220597172145,0.4791666666666667,14.931790499390988,15.114355231143552,14.414129110840438,14.408759124087592,0.2143808255659121,0.6521739130434783,0.75,0.5523809523809524,0.255659121171771,0.390625,0.4213483146067415,0.4,0.1584553928095872,0.3865546218487395,0.3865546218487395,0.3478260869565217,0.085219707057257,0.359375,0.3709677419354839,0.9565217391304348,0.2862849533954727,0.3441860465116279,0.3490566037735849,0.7972972972972973,0.4588235294117647,0.5897435897435898,0.217391304347826,0.1176470588235294,0.4,1.0,0.2117647058823529,0.3888888888888889,1.0,0.2407407407407407,0.6923076923076923,0.0601851851851851,0.3076923076923077,0.3425925925925926,0.2972972972972973,0.5858854860186418,0.3441860465116279,0.4946791333333333,0.5285060606060605,0.501227906976744,0.0938271604938271,0.1382575757575757,0.0106382978723404,0.1314285714285714,0.2994285714285714,8.372669491525427,25.686021505376345,0.292326431181486,True,5.0,,0.017921146953405,0.03125,0.013953488372093,202683,1610612738,2022,2021-22,True,158.0,15.0,2.0,8.0,14.0,,2.0,3.0,,,
214177.0,3570.0,-527.0,7154.0,7167.0,1614.0,1676.0,820.0,14321.0,1028.0,1572.0,229.0,364.0,238.0,363.0,596.0,1540.0,318.0,777.0,214.0,586.0,16.0,52.0,39.0,124.0,658.0,1995.0,60.0,189.0,147.0,435.0,1942.0,3889.0,872.0,2581.0,1192.0,7692.0,8219.0,289.0,550.0,76.0,241.0,110.0,916.0,407.0,791.0,186.0,559.0,421.0,1793.0,1808.0,2076.0,2052.0,564.0,372.0,1.0,22.0,1972.0,657.0,404.0,904.0,684.0,1588.0,479.0,205.0,536.0,251.0,117.0,3860.0,357.0,597.0,16.0,1329.0,1141.0,123.0,2593.0,970.0,3563.0,123.0,550.0,355.0,195.0,535.0,135.0,356.0,500.0,59.0,179.0,45.0,1035.0,102.0,226.0,670.0,1425.0,1.0,71.0,97.0,1511.0,143.0,51.0,635.0,24.0,135.0,314.0,14.0,9.0,158.0,5.0,10.0,146.0,328.0,202.0,22.0,4.0,6.0,8.0,6776.0,1760.0,1593.0,121.0,0.4654994850669413,0.5148063781321185,0.7844036697247706,0.3378535451375435,0.3153526970954357,0.332737030411449,0.3403673309886674,0.499357161223965,0.5254545454545455,0.5145385587863464,0.5023183925811437,0.5094816687737042,0.5081481481481481,0.5375210792580101,0.5282909930715936,0.5591939546599496,0.3989180834621329,0.1038827462072512,0.1132315521628498,0.1298701298701298,0.0334620334620334,0.5169082125603864,0.8978102189781022,0.1088435374149659,0.7051915945611866,0.3122384937238494,0.7677642980935875,0.2158403869407497,0.7375335921170498,0.2675266404935502,0.4092592592592592,0.3110151187904967,0.1973094170403587,0.2121212121212121,0.2288828337874659,0.6294896030245747,0.7025920873124147,0.8230337078651685,0.7700976709241172,0.76,0.0391470401018459,96.28596908164742,0.6158536585365854,14.958764327648868,14.952141760848331,14.330304724629578,14.374215152783592,0.242967542503864,0.6539440203562341,0.7374461979913917,0.5214007782101168,0.2380216383307573,0.387012987012987,0.444776119402985,0.4211409395973154,0.1200927357032457,0.4092664092664093,0.4234354194407457,0.3679245283018867,0.0905718701700154,0.3651877133105802,0.370242214532872,0.9579439252336448,0.3083462132921175,0.3298245614035088,0.3341797866937532,0.7279635258358662,0.4601769911504424,0.6291208791208791,0.1659388646288209,0.0657395701643489,0.3076923076923077,0.875,0.2389380530973451,0.3174603174603174,0.8,0.2688888888888889,0.6556473829201102,0.0918518518518518,0.314516129032258,0.3222222222222222,0.3379310344827586,0.641885625965997,0.3331643002028397,0.5046699968948926,0.5291057090239407,0.4953268623024826,0.0940097449125824,0.1449440766948185,0.0080862533692722,0.1190847633905356,0.2330993239729589,7.494188737464635,25.975978302983336,0.225608051439754,False,34.0,5.0,0.0131731886865556,0.0136518771331058,0.013032581453634,202683,1610612738,2022,2021-22,True,1363.0,86.0,32.0,79.0,94.0,,41.0,22.0,,,
24683.0,411.0,-70.0,821.0,822.0,240.0,245.0,92.0,1643.0,105.0,161.0,23.0,39.0,36.0,52.0,75.0,192.0,46.0,119.0,23.0,64.0,4.0,10.0,4.0,13.0,74.0,215.0,7.0,18.0,22.0,74.0,226.0,472.0,97.0,279.0,132.0,875.0,945.0,31.0,57.0,11.0,28.0,20.0,115.0,66.0,129.0,26.0,87.0,52.0,262.0,208.0,244.0,243.0,48.0,36.0,,,215.0,74.0,35.0,104.0,81.0,185.0,59.0,22.0,58.0,30.0,16.0,451.0,30.0,72.0,1.0,137.0,131.0,15.0,283.0,103.0,386.0,18.0,68.0,41.0,27.0,56.0,10.0,34.0,40.0,7.0,22.0,6.0,96.0,7.0,26.0,79.0,167.0,,7.0,7.0,181.0,17.0,3.0,73.0,3.0,19.0,47.0,1.0,1.0,24.0,,1.0,22.0,48.0,23.0,4.0,,,,760.0,258.0,238.0,17.0,0.4601769911504424,0.5,0.8350515463917526,0.3476702508960573,0.3928571428571428,0.2988505747126437,0.3476702508960573,0.4788135593220339,0.543859649122807,0.5116279069767442,0.4946737683089214,0.5588235294117647,0.4861111111111111,0.525934861278649,0.5757575757575758,0.5284552845528455,0.3715046604527297,0.0741525423728813,0.1304347826086956,0.0729166666666666,,0.5833333333333334,0.8333333333333334,0.04,0.6179245283018868,0.2962962962962963,0.7365591397849462,0.1714285714285714,0.6733668341708543,0.2440191387559808,0.3571428571428571,0.2956521739130435,0.25,0.1764705882352941,0.1538461538461538,0.5230769230769231,0.62,0.7446808510638298,0.7516778523489933,0.6756756756756757,0.0476190476190476,95.85220597172145,0.4791666666666667,14.931790499390988,15.114355231143552,14.414129110840438,14.408759124087592,0.2143808255659121,0.6521739130434783,0.75,0.5523809523809524,0.255659121171771,0.390625,0.4213483146067415,0.4,0.1584553928095872,0.3865546218487395,0.3865546218487395,0.3478260869565217,0.085219707057257,0.359375,0.3709677419354839,0.9565217391304348,0.2862849533954727,0.3441860465116279,0.3490566037735849,0.7972972972972973,0.4588235294117647,0.5897435897435898,0.217391304347826,0.1176470588235294,0.4,1.0,0.2117647058823529,0.3888888888888889,1.0,0.2407407407407407,0.6923076923076923,0.0601851851851851,0.3076923076923077,0.3425925925925926,0.2972972972972973,0.5858854860186418,0.3441860465116279,0.4946791333333333,0.5285060606060605,0.501227906976744,0.0938271604938271,0.1382575757575757,0.0106382978723404,0.1314285714285714,0.2994285714285714,8.372669491525427,25.686021505376345,0.292326431181486,True,5.0,,0.017921146953405,0.03125,0.013953488372093,202683,1610612738,2022,2021-22,True,158.0,15.0,2.0,8.0,14.0,,2.0,3.0,,,
214177.0,3570.0,-527.0,7154.0,7167.0,1614.0,1676.0,820.0,14321.0,1028.0,1572.0,229.0,364.0,238.0,363.0,596.0,1540.0,318.0,777.0,214.0,586.0,16.0,52.0,39.0,124.0,658.0,1995.0,60.0,189.0,147.0,435.0,1942.0,3889.0,872.0,2581.0,1192.0,7692.0,8219.0,289.0,550.0,76.0,241.0,110.0,916.0,407.0,791.0,186.0,559.0,421.0,1793.0,1808.0,2076.0,2052.0,564.0,372.0,1.0,22.0,1972.0,657.0,404.0,904.0,684.0,1588.0,479.0,205.0,536.0,251.0,117.0,3860.0,357.0,597.0,16.0,1329.0,1141.0,123.0,2593.0,970.0,3563.0,123.0,550.0,355.0,195.0,535.0,135.0,356.0,500.0,59.0,179.0,45.0,1035.0,102.0,226.0,670.0,1425.0,1.0,71.0,97.0,1511.0,143.0,51.0,635.0,24.0,135.0,314.0,14.0,9.0,158.0,5.0,10.0,146.0,328.0,202.0,22.0,4.0,6.0,8.0,6776.0,1760.0,1593.0,121.0,0.4654994850669413,0.5148063781321185,0.7844036697247706,0.3378535451375435,0.3153526970954357,0.332737030411449,0.3403673309886674,0.499357161223965,0.5254545454545455,0.5145385587863464,0.5023183925811437,0.5094816687737042,0.5081481481481481,0.5375210792580101,0.5282909930715936,0.5591939546599496,0.3989180834621329,0.1038827462072512,0.1132315521628498,0.1298701298701298,0.0334620334620334,0.5169082125603864,0.8978102189781022,0.1088435374149659,0.7051915945611866,0.3122384937238494,0.7677642980935875,0.2158403869407497,0.7375335921170498,0.2675266404935502,0.4092592592592592,0.3110151187904967,0.1973094170403587,0.2121212121212121,0.2288828337874659,0.6294896030245747,0.7025920873124147,0.8230337078651685,0.7700976709241172,0.76,0.0391470401018459,96.28596908164742,0.6158536585365854,14.958764327648868,14.952141760848331,14.330304724629578,14.374215152783592,0.242967542503864,0.6539440203562341,0.7374461979913917,0.5214007782101168,0.2380216383307573,0.387012987012987,0.444776119402985,0.4211409395973154,0.1200927357032457,0.4092664092664093,0.4234354194407457,0.3679245283018867,0.0905718701700154,0.3651877133105802,0.370242214532872,0.9579439252336448,0.3083462132921175,0.3298245614035088,0.3341797866937532,0.7279635258358662,0.4601769911504424,0.6291208791208791,0.1659388646288209,0.0657395701643489,0.3076923076923077,0.875,0.2389380530973451,0.3174603174603174,0.8,0.2688888888888889,0.6556473829201102,0.0918518518518518,0.314516129032258,0.3222222222222222,0.3379310344827586,0.641885625965997,0.3331643002028397,0.5046699968948926,0.5291057090239407,0.4953268623024826,0.0940097449125824,0.1449440766948185,0.0080862533692722,0.1190847633905356,0.2330993239729589,7.494188737464635,25.975978302983336,0.225608051439754,False,34.0,5.0,0.0131731886865556,0.0136518771331058,0.013032581453634,202683,1610612738,2022,2021-22,True,1363.0,86.0,32.0,79.0,94.0,,41.0,22.0,,,
24683.0,411.0,-70.0,821.0,822.0,240.0,245.0,92.0,1643.0,105.0,161.0,23.0,39.0,36.0,52.0,75.0,192.0,46.0,119.0,23.0,64.0,4.0,10.0,4.0,13.0,74.0,215.0,7.0,18.0,22.0,74.0,226.0,472.0,97.0,279.0,132.0,875.0,945.0,31.0,57.0,11.0,28.0,20.0,115.0,66.0,129.0,26.0,87.0,52.0,262.0,208.0,244.0,243.0,48.0,36.0,,,215.0,74.0,35.0,104.0,81.0,185.0,59.0,22.0,58.0,30.0,16.0,451.0,30.0,72.0,1.0,137.0,131.0,15.0,283.0,103.0,386.0,18.0,68.0,41.0,27.0,56.0,10.0,34.0,40.0,7.0,22.0,6.0,96.0,7.0,26.0,79.0,167.0,,7.0,7.0,181.0,17.0,3.0,73.0,3.0,19.0,47.0,1.0,1.0,24.0,,1.0,22.0,48.0,23.0,4.0,,,,760.0,258.0,238.0,17.0,0.4601769911504424,0.5,0.8350515463917526,0.3476702508960573,0.3928571428571428,0.2988505747126437,0.3476702508960573,0.4788135593220339,0.543859649122807,0.5116279069767442,0.4946737683089214,0.5588235294117647,0.4861111111111111,0.525934861278649,0.5757575757575758,0.5284552845528455,0.3715046604527297,0.0741525423728813,0.1304347826086956,0.0729166666666666,,0.5833333333333334,0.8333333333333334,0.04,0.6179245283018868,0.2962962962962963,0.7365591397849462,0.1714285714285714,0.6733668341708543,0.2440191387559808,0.3571428571428571,0.2956521739130435,0.25,0.1764705882352941,0.1538461538461538,0.5230769230769231,0.62,0.7446808510638298,0.7516778523489933,0.6756756756756757,0.0476190476190476,95.85220597172145,0.4791666666666667,14.931790499390988,15.114355231143552,14.414129110840438,14.408759124087592,0.2143808255659121,0.6521739130434783,0.75,0.5523809523809524,0.255659121171771,0.390625,0.4213483146067415,0.4,0.1584553928095872,0.3865546218487395,0.3865546218487395,0.3478260869565217,0.085219707057257,0.359375,0.3709677419354839,0.9565217391304348,0.2862849533954727,0.3441860465116279,0.3490566037735849,0.7972972972972973,0.4588235294117647,0.5897435897435898,0.217391304347826,0.1176470588235294,0.4,1.0,0.2117647058823529,0.3888888888888889,1.0,0.2407407407407407,0.6923076923076923,0.0601851851851851,0.3076923076923077,0.3425925925925926,0.2972972972972973,0.5858854860186418,0.3441860465116279,0.4946791333333333,0.5285060606060605,0.501227906976744,0.0938271604938271,0.1382575757575757,0.0106382978723404,0.1314285714285714,0.2994285714285714,8.372669491525427,25.686021505376345,0.292326431181486,True,5.0,,0.017921146953405,0.03125,0.013953488372093,202683,1610612738,2022,2021-22,True,158.0,15.0,2.0,8.0,14.0,,2.0,3.0,,,
214177.0,3570.0,-527.0,7154.0,7167.0,1614.0,1676.0,820.0,14321.0,1028.0,1572.0,229.0,364.0,238.0,363.0,596.0,1540.0,318.0,777.0,214.0,586.0,16.0,52.0,39.0,124.0,658.0,1995.0,60.0,189.0,147.0,435.0,1942.0,3889.0,872.0,2581.0,1192.0,7692.0,8219.0,289.0,550.0,76.0,241.0,110.0,916.0,407.0,791.0,186.0,559.0,421.0,1793.0,1808.0,2076.0,2052.0,564.0,372.0,1.0,22.0,1972.0,657.0,404.0,904.0,684.0,1588.0,479.0,205.0,536.0,251.0,117.0,3860.0,357.0,597.0,16.0,1329.0,1141.0,123.0,2593.0,970.0,3563.0,123.0,550.0,355.0,195.0,535.0,135.0,356.0,500.0,59.0,179.0,45.0,1035.0,102.0,226.0,670.0,1425.0,1.0,71.0,97.0,1511.0,143.0,51.0,635.0,24.0,135.0,314.0,14.0,9.0,158.0,5.0,10.0,146.0,328.0,202.0,22.0,4.0,6.0,8.0,6776.0,1760.0,1593.0,121.0,0.4654994850669413,0.5148063781321185,0.7844036697247706,0.3378535451375435,0.3153526970954357,0.332737030411449,0.3403673309886674,0.499357161223965,0.5254545454545455,0.5145385587863464,0.5023183925811437,0.5094816687737042,0.5081481481481481,0.5375210792580101,0.5282909930715936,0.5591939546599496,0.3989180834621329,0.1038827462072512,0.1132315521628498,0.1298701298701298,0.0334620334620334,0.5169082125603864,0.8978102189781022,0.1088435374149659,0.7051915945611866,0.3122384937238494,0.7677642980935875,0.2158403869407497,0.7375335921170498,0.2675266404935502,0.4092592592592592,0.3110151187904967,0.1973094170403587,0.2121212121212121,0.2288828337874659,0.6294896030245747,0.7025920873124147,0.8230337078651685,0.7700976709241172,0.76,0.0391470401018459,96.28596908164742,0.6158536585365854,14.958764327648868,14.952141760848331,14.330304724629578,14.374215152783592,0.242967542503864,0.6539440203562341,0.7374461979913917,0.5214007782101168,0.2380216383307573,0.387012987012987,0.444776119402985,0.4211409395973154,0.1200927357032457,0.4092664092664093,0.4234354194407457,0.3679245283018867,0.0905718701700154,0.3651877133105802,0.370242214532872,0.9579439252336448,0.3083462132921175,0.3298245614035088,0.3341797866937532,0.7279635258358662,0.4601769911504424,0.6291208791208791,0.1659388646288209,0.0657395701643489,0.3076923076923077,0.875,0.2389380530973451,0.3174603174603174,0.8,0.2688888888888889,0.6556473829201102,0.0918518518518518,0.314516129032258,0.3222222222222222,0.3379310344827586,0.641885625965997,0.3331643002028397,0.5046699968948926,0.5291057090239407,0.4953268623024826,0.0940097449125824,0.1449440766948185,0.0080862533692722,0.1190847633905356,0.2330993239729589,7.494188737464635,25.975978302983336,0.225608051439754,False,34.0,5.0,0.0131731886865556,0.0136518771331058,0.013032581453634,202683,1610612738,2022,2021-22,True,1363.0,86.0,32.0,79.0,94.0,,41.0,22.0,,,
