SecondsPlayed,Minutes,PlusMinus,OffPoss,DefPoss,PenaltyOffPoss,PenaltyDefPoss,SecondChanceOffPoss,TotalPoss,AtRimFGM,AtRimFGA,SecondChanceAtRimFGM,SecondChanceAtRimFGA,PenaltyAtRimFGM,PenaltyAtRimFGA,ShortMidRangeFGM,ShortMidRangeFGA,LongMidRangeFGM,LongMidRangeFGA,Corner3FGM,Corner3FGA,SecondChanceCorner3FGM,SecondChanceCorner3FGA,PenaltyCorner3FGM,PenaltyCorner3FGA,Arc3FGM,Arc3FGA,SecondChanceArc3FGM,SecondChanceArc3FGA,PenaltyArc3FGM,PenaltyArc3FGA,FG2M,FG2A,FG3M,FG3A,FtPoints,Points,OpponentPoints,SecondChanceFG2M,SecondChanceFG2A,SecondChanceFG3M,SecondChanceFG3A,SecondChanceFtPoints,SecondChancePoints,PenaltyFG2M,PenaltyFG2A,PenaltyFG3M,PenaltyFG3A,PenaltyFtPoints,PenaltyPoints,PtsAssisted2s,PtsUnassisted2s,PtsAssisted3s,PtsUnassisted3s,PtsPutbacks,HeaveAttempts,NonHeaveArc3FGA,NonHeaveArc3FGM,Fg2aBlocked,Fg3aBlocked,TwoPtAssists,ThreePtAssists,Assists,Arc3Assists,Corner3Assists,AtRimAssists,ShortMidRangeAssists,LongMidRangeAssists,AssistPoints,OffThreePtRebounds,OffTwoPtRebounds,FTOffRebounds,DefThreePtRebounds,DefTwoPtRebounds,FTDefRebounds,DefRebounds,OffRebounds,Rebounds,SelfOReb,Steals,BadPassSteals,LostBallSteals,LiveBallTurnovers,BadPassOutOfBoundsTurnovers,BadPassTurnovers,DeadBallTurnovers,LostBallOutOfBoundsTurnovers,LostBallTurnovers,Travels,Turnovers,SecondChanceTurnovers,PenaltyTurnovers,ShootingFouls,Fouls,Clear Path Fouls,Loose Ball Fouls,Offensive Fouls,FTA,2pt And 1 Free Throw Trips,Technical Free Throw Trips,TwoPtShootingFoulsDrawn,ThreePtShootingFoulsDrawn,NonShootingFoulsDrawn,Blocked2s,BlockedAtRim,BlockedLongMidRange,BlockedShortMidRange,Blocks,RecoveredBlocks,DefensiveGoaltends,OffensiveGoaltends,3SecondViolations,Defensive 3 Seconds Violations,FirstChancePoints,PenaltyPointsExcludingTakeFouls,PenaltyOffPossExcludingTakeFouls,NonShootingPenaltyNonTakeFouls,Assisted2sPct,NonPutbacksAssisted2sPct,Assisted3sPct,Fg3Pct,SecondChanceFg3Pct,PenaltyFg3Pct,NonHeaveFg3Pct,Fg2Pct,SecondChanceFg2Pct,PenaltyFg2Pct,EfgPct,SecondChanceEfgPct,PenaltyEfgPct,TsPct,SecondChanceTsPct,PenaltyTsPct,FG3APct,FG3APctBlocked,FG2APctBlocked,AtRimPctBlocked,ShortMidRangePctBlocked,LongMidRangePctBlocked,Corner3PctBlocked,Arc3PctBlocked,LiveBallTurnoverPct,DefFTReboundPct,OffFTReboundPct,DefTwoPtReboundPct,OffTwoPtReboundPct,DefThreePtReboundPct,OffThreePtReboundPct,DefFGReboundPct,OffFGReboundPct,OffAtRimReboundPct,OffShortMidRangeReboundPct,OffLongMidRangeReboundPct,OffArc3ReboundPct,OffCorner3ReboundPct,DefAtRimReboundPct,DefShortMidRangeReboundPct,DefLongMidRangeReboundPct,DefArc3ReboundPct,DefCorner3ReboundPct,SelfORebPct,Pace,BlocksRecoveredPct,SecondsPerPossOff,SecondsPerPossDef,SecondsExcludingORebsPerPossOff,SecondsExcludingORebsPerPossDef,AtRimFrequency,AtRimAccuracy,UnblockedAtRimAccuracy,AtRimPctAssisted,ShortMidRangeFrequency,ShortMidRangeAccuracy,UnblockedShortMidRangeAccuracy,ShortMidRangePctAssisted,LongMidRangeFrequency,LongMidRangeAccuracy,UnblockedLongMidRangeAccuracy,LongMidRangePctAssisted,Corner3Frequency,Corner3Accuracy,UnblockedCorner3Accuracy,Corner3PctAssisted,Arc3Frequency,Arc3Accuracy,UnblockedArc3Accuracy,Arc3PctAssisted,SecondChanceAtRimFrequency,SecondChanceAtRimAccuracy,SecondChanceAtRimPctAssisted,SecondChanceCorner3Frequency,SecondChanceCorner3Accuracy,SecondChanceCorner3PctAssisted,SecondChanceArc3Frequency,SecondChanceArc3Accuracy,SecondChanceArc3PctAssisted,PenaltyAtRimFrequency,PenaltyAtRimAccuracy,PenaltyCorner3Frequency,PenaltyCorner3Accuracy,PenaltyArc3Frequency,PenaltyArc3Accuracy,AtRimFG3AFrequency,NonHeaveArc3Accuracy,ShotQualityAvg,SecondChanceShotQualityAvg,PenaltyShotQualityAvg,ShootingFoulsDrawnPct,TwoPtShootingFoulsDrawnPct,ThreePtShootingFoulsDrawnPct,SecondChancePointsPct,PenaltyPointsPct,Avg2ptShotDistance,Avg3ptShotDistance,PenaltyOffPossPct,player_on,HeaveMakes,Blocked3s,BlockedArc3,BlockedCorner3,player_id,team_id,year,season,player_vs,3pt And 1 Free Throw Trips,FoulsDrawn,Offensive Fouls Drawn,FTA_Rate,TOV%,ortg,drtg,StepOutOfBoundsTurnovers,Loose Ball Fouls Drawn,NonShootingPenaltyNonTakeFoulsDrawn,BlockingFouls,Charge Fouls,Charge Fouls Drawn,BlockingFoulsDrawn,Transition Take Fouls,Transition Take Fouls Drawn,aEfgPct,aFTA_Rate,aTOV%,aTsPct,aOffFGReboundPct,adrtg,aortg,rEfgPct,rFTA_Rate,rTOV%,rTsPct,rOffFGReboundPct,rdrtg,rortg
27483.0,458.0,16.0,879.0,882.0,280.0,248.0,131.0,1761.0,137.0,211.0,39.0,65.0,51.0,74.0,55.0,146.0,125.0,295.0,13.0,40.0,,2.0,3.0,12.0,26.0,85.0,4.0,13.0,4.0,20.0,317.0,652.0,39.0,125.0,187.0,938.0,922.0,64.0,110.0,4.0,15.0,24.0,164.0,91.0,186.0,7.0,32.0,91.0,294.0,326.0,308.0,99.0,18.0,82.0,1.0,84.0,26.0,42.0,1.0,163.0,33.0,196.0,22.0,11.0,69.0,11.0,83.0,425.0,21.0,120.0,12.0,69.0,212.0,33.0,314.0,153.0,467.0,14.0,71.0,45.0,26.0,78.0,12.0,61.0,53.0,3.0,17.0,6.0,131.0,11.0,43.0,117.0,209.0,,8.0,16.0,268.0,27.0,3.0,105.0,2.0,38.0,37.0,17.0,2.0,18.0,37.0,19.0,3.0,2.0,1.0,,774.0,294.0,280.0,23.0,0.5141955835962145,0.5905797101449275,0.8461538461538461,0.312,0.2666666666666666,0.21875,0.314516129032258,0.4861963190184049,0.5818181818181818,0.489247311827957,0.4832689832689832,0.56,0.4655963302752293,0.5223463687150838,0.5774647887323944,0.5233812949640287,0.1608751608751608,0.008,0.0644171779141104,0.1042654028436018,0.1164383561643835,0.0101694915254237,,0.0117647058823529,0.5954198473282443,0.8918918918918919,0.2790697674418604,0.660436137071651,0.3603603603603603,0.71875,0.2592592592592592,0.6738609112709832,0.3405797101449275,0.3648648648648648,0.4111111111111111,0.3313609467455621,0.2407407407407407,0.2962962962962963,0.4769230769230769,0.6578947368421053,0.7464788732394366,0.7631578947368421,0.55,0.0376344086021505,92.26940290361314,0.5135135135135135,15.244596131968146,15.967120181405896,14.456200227531284,15.122448979591836,0.2715572715572715,0.6492890995260664,0.7248677248677249,0.5036496350364964,0.1879021879021879,0.3767123287671233,0.4263565891472868,0.2,0.3796653796653796,0.423728813559322,0.4280821917808219,0.664,0.0514800514800514,0.325,0.325,0.8461538461538461,0.1093951093951094,0.3058823529411765,0.3095238095238095,0.8461538461538461,0.52,0.6,0.0769230769230769,0.016,,,0.104,0.3076923076923077,1.0,0.3394495412844037,0.6891891891891891,0.055045871559633,0.25,0.091743119266055,0.2,0.4324324324324324,0.3095238095238095,0.4686462580645162,0.4982541284403668,0.4747706018518517,0.1248541423570595,0.1438356164383561,0.0157480314960629,0.1748400852878464,0.3134328358208955,10.475613496932512,24.6992,0.3185437997724687,True,,,,,2755,1610612758,2005,2004-05,False,,,,0.34491634491634493,15.007102598176235,106.71217292377702,104.53514739229026,,,,,,,,,,0.4823429103458047,0.3243196745367512,15.727424116600467,0.5257284946950189,0.3150537129990148,105.69755105649368,105.69755105649368,0.0009260729231785336,0.02059667037959373,-0.7203215184242318,-0.0033821259799351466,0.025525997145912693,-1.1624036642034241,1.0146218672833385
210777.0,3513.0,161.0,6861.0,6858.0,1967.0,1652.0,874.0,13719.0,1011.0,1676.0,217.0,411.0,256.0,442.0,383.0,894.0,970.0,2360.0,141.0,329.0,16.0,33.0,33.0,87.0,342.0,942.0,35.0,108.0,97.0,320.0,2364.0,4930.0,483.0,1271.0,1390.0,7567.0,7406.0,359.0,703.0,51.0,141.0,170.0,1041.0,594.0,1220.0,130.0,407.0,658.0,2236.0,2794.0,1934.0,1236.0,213.0,396.0,12.0,930.0,342.0,311.0,11.0,1397.0,412.0,1809.0,282.0,130.0,566.0,153.0,678.0,4030.0,243.0,757.0,26.0,478.0,1705.0,182.0,2365.0,1026.0,3391.0,112.0,603.0,364.0,239.0,544.0,131.0,350.0,398.0,42.0,194.0,33.0,942.0,85.0,258.0,738.0,1476.0,7.0,90.0,98.0,1736.0,143.0,53.0,662.0,8.0,239.0,274.0,173.0,19.0,82.0,279.0,164.0,10.0,1.0,6.0,9.0,6526.0,2236.0,1967.0,183.0,0.5909475465313029,0.6449676823638042,0.8530020703933747,0.3800157356412273,0.3617021276595745,0.3194103194103194,0.3836378077839555,0.4795131845841785,0.5106685633001422,0.4868852459016393,0.4980648282535075,0.5159952606635071,0.4849416103257529,0.5398306301133917,0.551595744680851,0.5519900497512438,0.2049669408159974,0.008654602675059,0.0630831643002028,0.1163484486873508,0.1029082774049217,0.0101694915254237,0.0121580547112462,0.0074309978768577,0.5774946921443737,0.7947598253275109,0.1477272727272727,0.6688897606904668,0.2988551125148045,0.6927536231884058,0.3248663101604278,0.6739734485952454,0.3047851264858275,0.3905775075987842,0.3485148514851485,0.2364963503649635,0.325,0.324468085106383,0.5785714285714286,0.6476426799007444,0.7459252157238735,0.6940928270042194,0.6898148148148148,0.0377740303541315,93.72635534237608,0.5878136200716846,14.933391633872612,15.794546515018956,14.266433464509548,14.932925051035289,0.2702789872601193,0.6032219570405728,0.6826468602295747,0.559841740850643,0.1441702951136913,0.4284116331096196,0.4775561097256858,0.3994778067885117,0.3805837768101919,0.4110169491525424,0.4152397260273973,0.6989690721649484,0.053055958716336,0.4285714285714285,0.4338461538461538,0.9219858156028368,0.1519109820996613,0.3630573248407643,0.3657754010695187,0.8245614035087719,0.4869668246445497,0.5279805352798054,0.1382488479262673,0.0390995260663507,0.4848484848484848,0.8125,0.1279620853080568,0.324074074074074,0.8857142857142857,0.2716656422864167,0.579185520361991,0.0534726490473263,0.3793103448275862,0.1966810079901659,0.303125,0.4752459280761167,0.3677419354838709,0.4814521823472357,0.5027589519650657,0.4702659640421576,0.0995838287752675,0.1214901816847127,0.0062548866301798,0.1375710321131227,0.2954935905907229,10.50212981744422,25.00236034618411,0.2866929019093426,False,,5.0,2.0,3.0,2755,1610612758,2005,2004-05,False,,,,0.27995484599258186,13.690188988553723,110.29004518291794,107.99066783318752,15.0,,,,,,,,,0.4823429103458047,0.3243196745367512,15.727424116600467,0.5257284946950189,0.3150537129990148,105.69755105649368,105.69755105649368,0.01572191790770283,-0.044364828544169344,-2.037235128046744,0.014102135418372796,-0.010268586513187294,2.293116776693836,4.592494126424256
114761.0,1913.0,38.0,3729.0,3732.0,1133.0,876.0,422.0,7461.0,553.0,890.0,103.0,170.0,164.0,261.0,177.0,442.0,442.0,1101.0,66.0,172.0,5.0,14.0,18.0,48.0,165.0,522.0,15.0,45.0,44.0,174.0,1172.0,2433.0,231.0,694.0,903.0,3940.0,3902.0,165.0,319.0,20.0,59.0,92.0,482.0,317.0,660.0,62.0,222.0,422.0,1242.0,1286.0,1058.0,600.0,93.0,162.0,12.0,510.0,165.0,200.0,4.0,643.0,200.0,843.0,138.0,62.0,307.0,62.0,274.0,1886.0,116.0,353.0,8.0,264.0,972.0,87.0,1323.0,477.0,1800.0,33.0,290.0,189.0,101.0,320.0,64.0,210.0,282.0,24.0,110.0,47.0,602.0,51.0,155.0,337.0,793.0,1.0,48.0,65.0,1118.0,99.0,33.0,432.0,3.0,156.0,143.0,84.0,12.0,47.0,154.0,84.0,4.0,,9.0,11.0,3458.0,1242.0,1133.0,99.0,0.5486348122866894,0.5893675527039414,0.8658008658008658,0.3328530259365994,0.3389830508474576,0.2792792792792792,0.3387096774193548,0.4817098232634607,0.5172413793103449,0.4803030303030303,0.4856092101055325,0.5158730158730159,0.4648526077097505,0.5413097540757115,0.5567129629629629,0.5518319928507596,0.2219379597057883,0.0057636887608069,0.0822030415125359,0.146067415730337,0.1221719457013574,0.0145322434150772,0.005813953488372,0.0057471264367816,0.53156146179402,0.8613861386138614,0.0754716981132075,0.7038377986965967,0.2824,0.7135135135135136,0.2672811059907834,0.7058823529411765,0.2785035629453681,0.3772455089820359,0.2357414448669201,0.2526799387442572,0.2727272727272727,0.25,0.5722379603399433,0.7075471698113207,0.7781456953642384,0.7103174603174603,0.7203389830508474,0.0222521915037086,93.61926089873737,0.5454545454545454,15.442746044515957,15.320203644158628,14.817645481362296,14.587084673097534,0.2846178445794691,0.6213483146067416,0.7276315789473684,0.5551537070524413,0.14134953629677,0.4004524886877828,0.4561855670103092,0.3502824858757062,0.3520946594179725,0.4014532243415077,0.4073732718894009,0.6199095022624435,0.0550047969299648,0.3837209302325581,0.3859649122807017,0.9393939393939394,0.1669331627758234,0.3160919540229885,0.3179190751445087,0.8363636363636363,0.4497354497354497,0.6058823529411764,0.203883495145631,0.037037037037037,0.3571428571428571,1.0,0.119047619047619,0.3333333333333333,0.9333333333333332,0.2959183673469387,0.6283524904214559,0.0544217687074829,0.375,0.1972789115646258,0.2528735632183908,0.5065558042852575,0.3235294117647059,0.4846211211050436,0.4911289036544851,0.4758017261219789,0.1256136298007508,0.1561822125813449,0.0043041606886657,0.1223350253807106,0.315228426395939,10.056802301685163,25.215273775216147,0.303834808259587,True,,11.0,8.0,3.0,2755,1610612758,2006,2005-06,False,,931.0,94.0,0.35753118004477136,16.079403406055686,105.65835344596407,104.55519828510182,8.0,57.0,137.0,,,,,,,0.4899775105113914,0.3329730898087107,15.70759679882952,0.5322144065932586,0.3030507820042479,106.08385639858462,106.08385639858462,-0.004368300405858894,0.024558090236060648,0.37180660722616565,0.009095347482452887,-0.0245472190588798,-1.5286581134827912,-0.4255029526205476
123199.0,2053.0,88.0,3891.0,3899.0,1189.0,1035.0,456.0,7790.0,623.0,997.0,114.0,215.0,169.0,273.0,199.0,491.0,466.0,1171.0,63.0,187.0,2.0,13.0,17.0,54.0,200.0,527.0,19.0,41.0,65.0,179.0,1288.0,2659.0,263.0,714.0,801.0,4166.0,4078.0,188.0,370.0,21.0,54.0,117.0,556.0,352.0,727.0,82.0,233.0,379.0,1329.0,1500.0,1076.0,696.0,93.0,192.0,7.0,520.0,200.0,195.0,4.0,750.0,232.0,982.0,172.0,60.0,359.0,70.0,321.0,2196.0,127.0,398.0,13.0,315.0,950.0,116.0,1381.0,538.0,1919.0,48.0,318.0,189.0,129.0,336.0,59.0,210.0,261.0,20.0,126.0,33.0,597.0,45.0,163.0,401.0,879.0,2.0,52.0,67.0,1055.0,94.0,29.0,409.0,5.0,144.0,140.0,94.0,8.0,38.0,145.0,86.0,5.0,4.0,8.0,12.0,3610.0,1329.0,1189.0,128.0,0.5822981366459627,0.6291946308724832,0.8821292775665399,0.3683473389355742,0.3888888888888889,0.351931330472103,0.371994342291372,0.4843926288078224,0.5081081081081081,0.484181568088033,0.4988141120664097,0.5176886792452831,0.4947916666666667,0.5397445921292676,0.5621181262729125,0.5563973063973064,0.2116809961458642,0.0056022408963585,0.0733358405415569,0.1303911735205616,0.1079429735234216,0.0102476515798462,0.0106951871657754,0.0037950664136622,0.5628140703517588,0.8787878787878788,0.099236641221374,0.6795422031473534,0.2935103244837758,0.7342657342657343,0.2981220657276995,0.692391899288451,0.2946127946127946,0.3726541554959786,0.2881944444444444,0.2532374100719424,0.3036303630363036,0.2845528455284553,0.5543478260869565,0.7182044887780549,0.7281399046104928,0.7354838709677419,0.7310924369747899,0.0302457466918714,91.05268711596683,0.593103448275862,15.556669236700078,16.072839189535777,14.923413004369056,15.261349063862529,0.2955825674473762,0.6248746238716149,0.7185697808535179,0.5762439807383628,0.1455677438482063,0.405295315682281,0.454337899543379,0.3517587939698492,0.3471686925585532,0.3979504696840307,0.4020707506471095,0.6888412017167382,0.0554402608953453,0.3368983957219251,0.3405405405405405,0.9523809523809524,0.1562407352505188,0.3795066413662239,0.3809523809523809,0.86,0.5070754716981132,0.5302325581395348,0.1842105263157894,0.0306603773584905,0.1538461538461538,1.0,0.0966981132075471,0.4634146341463415,0.7368421052631579,0.284375,0.6190476190476191,0.05625,0.3148148148148148,0.1864583333333333,0.3631284916201117,0.5072635635932404,0.3846153846153846,0.4833175535077287,0.4928215116279069,0.4705594240837698,0.1121039805036555,0.1375252185608608,0.0069541029207232,0.1334613538166106,0.3190110417666826,9.949417074088,24.967647058823538,0.3055769725006425,False,,5.0,4.0,1.0,2755,1610612758,2006,2005-06,False,,937.0,92.0,0.31277794248443525,15.322622041989632,107.06759187869443,104.59092074890998,7.0,70.0,132.0,,,,,,,0.4899775105113914,0.3329730898087107,15.70759679882952,0.5322144065932586,0.3030507820042479,106.08385639858462,106.08385639858462,0.008836601555018309,-0.020195147324275464,-0.38497475683988824,0.0075301855360090375,-0.008437987391453294,-1.492935649674635,0.9837354801098144
169102.0,2818.0,-165.0,5632.0,5621.0,1727.0,1467.0,564.0,11253.0,811.0,1391.0,140.0,266.0,252.0,421.0,330.0,772.0,572.0,1395.0,88.0,231.0,13.0,25.0,27.0,75.0,310.0,889.0,24.0,70.0,88.0,287.0,1713.0,3558.0,398.0,1120.0,1378.0,5998.0,6163.0,221.0,441.0,37.0,95.0,110.0,663.0,482.0,974.0,115.0,362.0,613.0,1922.0,1738.0,1688.0,1029.0,165.0,242.0,7.0,882.0,310.0,279.0,3.0,869.0,343.0,1212.0,259.0,84.0,429.0,105.0,335.0,2767.0,172.0,474.0,19.0,437.0,1229.0,156.0,1822.0,665.0,2487.0,75.0,483.0,318.0,165.0,415.0,83.0,241.0,448.0,27.0,174.0,105.0,863.0,64.0,243.0,603.0,1275.0,3.0,87.0,120.0,1778.0,143.0,58.0,709.0,10.0,209.0,171.0,109.0,15.0,47.0,177.0,100.0,5.0,1.0,23.0,18.0,5335.0,1922.0,1727.0,179.0,0.5072971395213076,0.5458542713567839,0.8618090452261307,0.3553571428571428,0.3894736842105263,0.3176795580110497,0.35759209344115,0.4814502529510961,0.5011337868480725,0.4948665297741273,0.4938007695596408,0.5158582089552238,0.4898952095808383,0.5451299890150129,0.5481727574750831,0.5647163120567376,0.2394185549380077,0.0026785714285714,0.0784148397976391,0.1380301941049604,0.0932642487046632,0.010752688172043,,0.0033745781777277,0.4808806488991888,0.8813559322033898,0.1049723756906077,0.6916150815981992,0.2602965403624382,0.7105691056910569,0.2489146164978292,0.6964882943143813,0.2571656050955414,0.3489583333333333,0.2528473804100228,0.2009925558312655,0.2672727272727273,0.1773049645390071,0.5916334661354582,0.6876190476190476,0.7613333333333333,0.7169373549883991,0.6956521739130435,0.0336172120125504,95.82571465742568,0.5649717514124294,14.858842329545457,15.196050524817649,14.329900568181818,14.496175057818894,0.2973492945703292,0.5830337886412653,0.6763969974979149,0.528976572133169,0.1650277896536981,0.4274611398963731,0.4714285714285714,0.3181818181818182,0.2982043608379649,0.4100358422939068,0.4144927536231884,0.5856643356643356,0.049380076955964,0.3809523809523809,0.3809523809523809,0.9545454545454546,0.1900384779820436,0.3487064116985376,0.3498871331828442,0.8354838709677419,0.4962686567164179,0.5263157894736842,0.2357142857142857,0.0466417910447761,0.52,1.0,0.1305970149253731,0.3428571428571428,0.875,0.3151197604790419,0.5985748218527316,0.0561377245508982,0.36,0.2148203592814371,0.3066202090592334,0.5367678495083369,0.3514739229024943,0.4928046165381317,0.5079001187648459,0.4872682981927711,0.1368741671425851,0.1719204655674102,0.0088573959255978,0.110536845615205,0.3204401467155718,9.228976953344576,25.033571428571424,0.306640625,True,,6.0,2.0,4.0,2755,1610612758,2007,2006-07,False,1.0,1410.0,118.0,0.3800769559640872,15.251876882184112,106.49857954545455,109.6424123821384,10.0,72.0,196.0,,,,,,,0.4963635807254478,0.3271706311967032,16.236592642784146,0.5384369780921505,0.3009003271285065,106.5084891430175,106.5084891430175,-0.0025628111658069774,0.052906324767383994,-0.9847157606000341,0.006693010922862341,-0.04373472203296508,3.1339232391209038,-0.009909597562952399
68558.0,1143.0,17.0,2184.0,2217.0,808.0,708.0,256.0,4401.0,379.0,615.0,63.0,115.0,140.0,219.0,131.0,354.0,188.0,492.0,24.0,86.0,2.0,6.0,6.0,30.0,108.0,307.0,9.0,24.0,44.0,130.0,698.0,1461.0,132.0,393.0,513.0,2305.0,2288.0,100.0,191.0,11.0,30.0,69.0,302.0,241.0,477.0,50.0,160.0,266.0,898.0,682.0,714.0,336.0,60.0,118.0,3.0,304.0,108.0,121.0,2.0,341.0,112.0,453.0,90.0,22.0,195.0,43.0,103.0,1018.0,58.0,232.0,7.0,209.0,512.0,73.0,794.0,297.0,1091.0,40.0,188.0,100.0,88.0,157.0,36.0,88.0,174.0,12.0,69.0,32.0,331.0,30.0,113.0,246.0,517.0,1.0,34.0,50.0,695.0,73.0,19.0,282.0,2.0,90.0,85.0,47.0,10.0,28.0,88.0,48.0,7.0,,6.0,13.0,2003.0,898.0,808.0,62.0,0.4885386819484241,0.5336463223787168,0.8484848484848485,0.3358778625954198,0.3666666666666666,0.3125,0.3384615384615385,0.4777549623545516,0.5235602094240838,0.5052410901467506,0.4832793959007551,0.5271493212669683,0.4960753532182103,0.5315545243619489,0.5634328358208955,0.5575,0.2119741100323624,0.005089058524173,0.082819986310746,0.1300813008130081,0.0932203389830508,0.016260162601626,0.0116279069767441,0.003257328990228,0.4743202416918429,0.8902439024390244,0.0714285714285714,0.6854082998661312,0.3064729194187582,0.706081081081081,0.2338709677419354,0.6912751677852349,0.2885572139303483,0.3974358974358974,0.3333333333333333,0.2159468438538206,0.2287234042553191,0.25,0.5495049504950495,0.7263681592039801,0.7412790697674418,0.7236180904522613,0.6701030927835051,0.0452488687782805,92.43910265760375,0.5454545454545454,15.290750915750916,15.860622462787552,14.683608058608058,14.95128552097429,0.331715210355987,0.616260162601626,0.708411214953271,0.5145118733509235,0.1909385113268608,0.3700564971751412,0.4080996884735202,0.3282442748091603,0.2653721682847896,0.3821138211382114,0.3884297520661157,0.5478723404255319,0.0463861920172599,0.2790697674418604,0.2823529411764706,0.9166666666666666,0.1655879180151024,0.3517915309446254,0.3529411764705882,0.8333333333333334,0.5203619909502263,0.5478260869565217,0.1428571428571428,0.0271493212669683,0.3333333333333333,1.0,0.1085972850678733,0.375,0.8888888888888888,0.3437990580847723,0.639269406392694,0.0470957613814756,0.2,0.2040816326530612,0.3384615384615385,0.5436893203883495,0.3552631578947368,0.4901227567567565,0.5078626984126983,0.4944985804416399,0.1375302663438256,0.1688622754491018,0.0050632911392405,0.1310195227765726,0.389587852494577,8.37268993839836,24.959796437659037,0.36996336996337,False,,3.0,3.0,,2755,1610612758,2007,2006-07,False,,579.0,48.0,0.3748651564185545,15.087975202844378,105.54029304029304,103.20252593594948,5.0,41.0,86.0,,,,,,,0.4963635807254478,0.3271706311967032,16.236592642784146,0.5384369780921505,0.3009003271285065,106.5084891430175,106.5084891430175,-0.013084184824692702,0.0476945252218513,-1.148617439939768,-0.0068824537302015765,-0.012343113198158229,-3.305963207068018,-0.9681961027244625
132973.0,2216.0,-28.0,4426.0,4421.0,1316.0,1195.0,478.0,8847.0,748.0,1247.0,138.0,245.0,215.0,377.0,247.0,607.0,448.0,1072.0,87.0,209.0,7.0,19.0,25.0,74.0,219.0,565.0,13.0,41.0,61.0,184.0,1443.0,2926.0,306.0,774.0,1147.0,4951.0,4979.0,200.0,373.0,20.0,60.0,106.0,566.0,373.0,779.0,86.0,258.0,506.0,1510.0,1310.0,1576.0,768.0,150.0,204.0,10.0,555.0,219.0,240.0,5.0,655.0,256.0,911.0,173.0,83.0,367.0,58.0,230.0,2078.0,101.0,439.0,14.0,370.0,967.0,135.0,1472.0,554.0,2026.0,79.0,367.0,230.0,137.0,357.0,73.0,221.0,346.0,27.0,136.0,54.0,703.0,66.0,189.0,542.0,1024.0,3.0,67.0,94.0,1400.0,132.0,54.0,595.0,1.0,143.0,153.0,100.0,8.0,45.0,162.0,92.0,5.0,2.0,11.0,20.0,4385.0,1510.0,1316.0,134.0,0.4539154539154539,0.488441461595824,0.8366013071895425,0.3953488372093023,0.3333333333333333,0.3333333333333333,0.4005235602094241,0.4931647300068352,0.5361930294906166,0.4788189987163029,0.514054054054054,0.5311778290993071,0.4840887174541948,0.5697701416299048,0.5733197556008147,0.5682335102350266,0.2091891891891892,0.0064599483204134,0.0820232399179767,0.1395348837209302,0.0889621087314662,0.0111940298507462,0.0047846889952153,0.0070796460176991,0.5078236130867709,0.8940397350993378,0.1111111111111111,0.6790730337078652,0.2998633879781421,0.7212475633528265,0.226457399103139,0.6902426432627775,0.2827225130890052,0.3737373737373737,0.2788732394366197,0.252442996742671,0.2331288343558282,0.2083333333333333,0.6151960784313726,0.671264367816092,0.729776247848537,0.7457627118644068,0.6666666666666666,0.0473053892215568,95.80651711249652,0.5679012345679012,14.981247175779483,15.07939380230717,14.413014008133755,14.377742592173716,0.337027027027027,0.5998396150761829,0.6971109040074557,0.4906417112299465,0.164054054054054,0.4069192751235584,0.4466546112115732,0.2348178137651821,0.2897297297297297,0.417910447761194,0.4226415094339623,0.5133928571428571,0.0564864864864864,0.416267942583732,0.4182692307692308,0.9540229885057472,0.1527027027027027,0.3876106194690265,0.3903743315508021,0.7899543378995434,0.5658198614318707,0.563265306122449,0.181159420289855,0.0438799076212471,0.3684210526315789,1.0,0.0946882217090069,0.3170731707317073,0.9230769230769232,0.3635486981677917,0.5702917771883289,0.0713596914175506,0.3378378378378378,0.1774349083895853,0.3315217391304347,0.5462162162162162,0.3945945945945946,0.4986285636856369,0.5131692934782608,0.4963760447035955,0.1431316042267051,0.17556801416347,0.0012903225806451,0.1143203393253888,0.3049888911331044,8.763704716336296,25.07545219638244,0.2973339358337099,True,,9.0,6.0,3.0,2755,1610612758,2008,2007-08,False,,1136.0,107.0,0.3783783783783784,15.74468085106383,111.86172616357885,112.62157882831939,14.0,68.0,131.0,,,,,,,0.4974089904788504,0.3060483488860405,15.111069560276103,0.5373365987926009,0.2966688328200492,107.4301822472794,107.4301822472794,0.016645063575203622,0.07233002949233791,0.6336112907877265,0.03243354283730393,-0.013946319731043988,5.191396581039982,4.4315439162994466
104987.0,1750.0,-157.0,3395.0,3397.0,1024.0,1001.0,386.0,6792.0,573.0,978.0,96.0,195.0,160.0,275.0,173.0,500.0,344.0,787.0,59.0,167.0,4.0,13.0,15.0,42.0,145.0,426.0,9.0,35.0,36.0,144.0,1090.0,2265.0,204.0,593.0,665.0,3457.0,3614.0,128.0,301.0,13.0,48.0,77.0,372.0,289.0,634.0,51.0,186.0,280.0,1011.0,974.0,1206.0,507.0,105.0,156.0,4.0,422.0,145.0,202.0,5.0,487.0,169.0,656.0,112.0,57.0,266.0,40.0,181.0,1481.0,93.0,356.0,10.0,319.0,768.0,94.0,1181.0,459.0,1640.0,63.0,284.0,175.0,109.0,304.0,74.0,194.0,310.0,28.0,110.0,60.0,614.0,54.0,177.0,430.0,815.0,3.0,54.0,73.0,872.0,84.0,23.0,371.0,5.0,92.0,157.0,98.0,8.0,51.0,172.0,105.0,8.0,2.0,13.0,17.0,3085.0,1011.0,1024.0,80.0,0.446788990825688,0.4812252964426877,0.8284313725490197,0.3440134907251265,0.2708333333333333,0.2741935483870967,0.3463497453310696,0.4812362030905077,0.4252491694352159,0.4558359621451104,0.4884534639608117,0.4226361031518624,0.4457317073170732,0.5305649891941957,0.4625935162094763,0.5060301507537689,0.2074877536738978,0.0084317032040472,0.0891832229580573,0.1329243353783231,0.122,0.013977128335451,0.0179640718562874,0.0046948356807511,0.495114006514658,0.8785046728971962,0.0925925925925925,0.6754617414248021,0.3071613459879206,0.7488262910798122,0.2520325203252032,0.6954574536148432,0.293848167539267,0.3955223880597014,0.33125,0.2082379862700228,0.2442748091603053,0.2710280373831775,0.6532951289398281,0.6708074534161491,0.6952789699570815,0.7577854671280276,0.7299270072992701,0.0474040632054176,93.158962538219,0.6104651162790697,15.527540500736375,15.387400647630262,14.916053019145805,14.585811009714456,0.3421973407977606,0.5858895705521472,0.6757075471698113,0.4642233856893543,0.1749475157452764,0.346,0.3940774487471526,0.2312138728323699,0.2753673897830651,0.4371029224904701,0.4432989690721649,0.5261627906976745,0.0584324702589223,0.3532934131736527,0.3597560975609756,0.9661016949152542,0.1490552834149755,0.3403755868544601,0.3419811320754717,0.7724137931034483,0.5587392550143266,0.4923076923076923,0.1354166666666666,0.0372492836676217,0.3076923076923077,1.0,0.1002865329512893,0.2571428571428571,0.7777777777777778,0.3353658536585366,0.5818181818181818,0.0512195121951219,0.3571428571428571,0.1756097560975609,0.25,0.5496850944716585,0.3436018957345971,0.4926855415352261,0.5189938144329899,0.4799722699386501,0.1194788687639021,0.1453761755485893,0.0084033613445378,0.1076077523864622,0.292450101243853,8.380353200883004,24.954637436762223,0.301620029455081,False,,15.0,11.0,4.0,2755,1610612758,2008,2007-08,False,3.0,751.0,59.0,0.30510846745976206,18.076474675271147,101.8262150220913,106.3879894024139,7.0,50.0,84.0,,,,,,,0.4974089904788504,0.3060483488860405,15.111069560276103,0.5373365987926009,0.2966688328200492,107.4301822472794,107.4301822472794,-0.008955526518038714,-0.0009398814262784327,2.9654051149950433,-0.0067716095984051705,-0.0028206652807821753,-1.042192844865511,-5.6039672251881
116819.0,1947.0,-302.0,3883.0,3877.0,1103.0,1197.0,393.0,7760.0,589.0,966.0,117.0,203.0,154.0,268.0,218.0,568.0,364.0,896.0,95.0,225.0,9.0,21.0,31.0,71.0,215.0,578.0,13.0,36.0,58.0,180.0,1171.0,2430.0,310.0,803.0,970.0,4242.0,4544.0,172.0,335.0,22.0,57.0,72.0,482.0,290.0,639.0,89.0,251.0,390.0,1237.0,1094.0,1248.0,741.0,189.0,202.0,8.0,570.0,215.0,207.0,7.0,547.0,247.0,794.0,158.0,89.0,284.0,62.0,201.0,1835.0,101.0,365.0,12.0,256.0,857.0,140.0,1253.0,478.0,1731.0,55.0,274.0,172.0,102.0,356.0,53.0,220.0,277.0,17.0,136.0,51.0,633.0,43.0,160.0,541.0,974.0,5.0,35.0,70.0,1170.0,79.0,40.0,477.0,11.0,113.0,154.0,102.0,6.0,46.0,158.0,89.0,6.0,3.0,10.0,14.0,3760.0,1237.0,1103.0,132.0,0.4671221178479932,0.5112149532710281,0.7967741935483871,0.386052303860523,0.3859649122807017,0.3545816733067729,0.389937106918239,0.4818930041152263,0.5134328358208955,0.4538341158059468,0.5060315496442932,0.5229591836734694,0.4758426966292134,0.5603517186250999,0.5528735632183908,0.5558076225045372,0.2483761212496133,0.0087173100871731,0.0851851851851851,0.1314699792960662,0.1179577464788732,0.0145089285714285,0.0088888888888888,0.0086505190311418,0.5624012638230648,0.8284023668639053,0.1276595744680851,0.6684867394695788,0.2943548387096774,0.7013698630136986,0.2176724137931034,0.6757741347905283,0.2734741784037559,0.416,0.2798833819241982,0.2164750957854406,0.2232142857142857,0.203125,0.580568720379147,0.646112600536193,0.7618069815195072,0.7015503875968992,0.7009345794392523,0.0367401469605878,95.65567245054316,0.5632911392405063,15.006438320885913,15.101624967758577,14.421838784445017,14.395150889863295,0.2987936900711413,0.6097308488612836,0.7020262216924911,0.4821731748726655,0.1756882152799257,0.3838028169014084,0.4351297405189621,0.2844036697247706,0.2771419733993195,0.40625,0.4122310305775764,0.5521978021978022,0.0695948035879987,0.4222222222222222,0.4260089686098655,0.936842105263158,0.1787813176616146,0.3719723183391003,0.37521815008726,0.7348837209302326,0.5178571428571429,0.5763546798029556,0.1025641025641025,0.0535714285714285,0.4285714285714285,0.8888888888888888,0.0918367346938775,0.3611111111111111,0.8461538461538461,0.3011235955056179,0.5746268656716418,0.0797752808988764,0.4366197183098591,0.2022471910112359,0.3222222222222222,0.5471698113207547,0.3771929824561403,0.49737257213776,0.5196867378048784,0.4921354308390022,0.134065934065934,0.1686704384724186,0.0135467980295566,0.1136256482791136,0.2916077322017916,8.942016460905348,25.012577833125786,0.2840587174864795,True,,4.0,2.0,2.0,2755,1610612758,2009,2008-09,False,2.0,892.0,75.0,0.36189297865759357,16.219124730962385,109.245428792171,117.2040237296879,11.0,46.0,105.0,,,,,,,0.4997940257417585,0.3056858942799441,15.12868583188846,0.5414969844948531,0.2971013113568451,108.18234616027667,108.18234616027667,0.006237523902534681,0.056207084377649486,1.0904388990739253,0.018854734130246853,-0.023627132953089214,9.021677569411239,1.063082631894332
122041.0,2034.0,-416.0,3927.0,3944.0,1016.0,1181.0,451.0,7871.0,618.0,1078.0,132.0,255.0,156.0,276.0,221.0,615.0,394.0,968.0,94.0,220.0,8.0,17.0,22.0,58.0,182.0,571.0,9.0,37.0,47.0,165.0,1233.0,2661.0,276.0,791.0,712.0,4006.0,4422.0,184.0,386.0,17.0,54.0,87.0,506.0,272.0,632.0,69.0,223.0,269.0,1020.0,1218.0,1248.0,648.0,180.0,206.0,15.0,556.0,182.0,207.0,2.0,609.0,216.0,825.0,128.0,88.0,311.0,71.0,227.0,1866.0,104.0,425.0,17.0,284.0,901.0,109.0,1294.0,546.0,1840.0,47.0,295.0,196.0,99.0,348.0,71.0,206.0,285.0,24.0,142.0,51.0,633.0,50.0,149.0,504.0,936.0,,59.0,67.0,937.0,79.0,21.0,398.0,4.0,96.0,184.0,123.0,6.0,55.0,191.0,108.0,9.0,1.0,9.0,9.0,3500.0,1020.0,1016.0,109.0,0.4939172749391727,0.5389380530973451,0.782608695652174,0.3489254108723135,0.3148148148148148,0.3094170403587444,0.3556701030927835,0.4633596392333709,0.4766839378238341,0.430379746835443,0.4771147161066049,0.4761363636363636,0.4391812865497076,0.5152454780361757,0.515274949083503,0.4995083579154376,0.2291425260718424,0.0025284450063211,0.0777903043968433,0.1150278293135436,0.1219512195121951,0.0082644628099173,,0.0035026269702276,0.5497630331753555,0.8449612403100775,0.1588785046728972,0.6693907875185735,0.302491103202847,0.662004662004662,0.2144329896907216,0.6676056338028169,0.2798941798941799,0.4263736263736263,0.3012987012987013,0.2035398230088495,0.223756906077348,0.1869918699186991,0.5852017937219731,0.665,0.748,0.6600660066006601,0.6666666666666666,0.027876631079478,92.8723953425488,0.5654450261780105,15.444868856633562,15.565162271805274,14.750190985485103,14.738083164300203,0.3122827346465817,0.5732838589981447,0.6477987421383647,0.5032362459546925,0.1781575898030127,0.359349593495935,0.4092592592592592,0.3212669683257919,0.2804171494785631,0.4070247933884297,0.4104166666666666,0.5761421319796954,0.063731170336037,0.4272727272727272,0.4272727272727272,0.9361702127659576,0.1654113557358053,0.318739054290718,0.3198594024604569,0.7032967032967034,0.5795454545454546,0.5176470588235295,0.1893939393939394,0.0386363636363636,0.4705882352941176,0.875,0.084090909090909,0.2432432432432432,0.5555555555555556,0.3228070175438596,0.5652173913043478,0.0678362573099415,0.3793103448275862,0.1929824561403508,0.2848484848484848,0.5414252607184241,0.3273381294964029,0.4918382687263185,0.5170089918256129,0.4825270883054892,0.1065182829888712,0.1335570469798657,0.0050377833753148,0.1263105341987019,0.254618072890664,8.720518602029308,25.28672566371682,0.2587216704863763,False,,7.0,7.0,,2755,1610612758,2009,2008-09,False,1.0,843.0,74.0,0.27143684820393976,16.020125124010445,102.01171377641965,112.11967545638946,12.0,49.0,85.0,,,,,,,0.4997940257417585,0.3056858942799441,15.12868583188846,0.5414969844948531,0.2971013113568451,108.18234616027667,108.18234616027667,-0.022679309635153633,-0.03424904607600432,0.8914392921219854,-0.026251506458677354,-0.01720713146266517,3.937329296112793,-6.170632383857011
51519.0,859.0,27.0,1718.0,1714.0,476.0,514.0,179.0,3432.0,297.0,489.0,59.0,93.0,97.0,140.0,110.0,250.0,137.0,344.0,40.0,91.0,6.0,9.0,8.0,19.0,110.0,307.0,6.0,22.0,36.0,97.0,544.0,1083.0,150.0,398.0,382.0,1920.0,1893.0,74.0,138.0,12.0,31.0,23.0,207.0,145.0,272.0,44.0,116.0,150.0,572.0,564.0,524.0,375.0,75.0,92.0,4.0,303.0,110.0,86.0,1.0,282.0,125.0,407.0,90.0,35.0,166.0,30.0,86.0,939.0,49.0,150.0,4.0,135.0,408.0,43.0,586.0,203.0,789.0,23.0,129.0,77.0,52.0,118.0,27.0,68.0,124.0,11.0,50.0,25.0,242.0,19.0,53.0,177.0,351.0,1.0,26.0,27.0,465.0,38.0,18.0,187.0,4.0,51.0,71.0,54.0,1.0,16.0,75.0,43.0,3.0,1.0,6.0,4.0,1713.0,572.0,476.0,38.0,0.5183823529411765,0.5662650602409639,0.8333333333333334,0.3768844221105528,0.3870967741935484,0.3793103448275862,0.3807106598984771,0.5023084025854109,0.5362318840579711,0.5330882352941176,0.5192437542201216,0.5443786982248521,0.5438144329896907,0.5650237529691211,0.5659340659340659,0.6059957173447538,0.2687373396353815,0.0025125628140703,0.0794090489381348,0.1267893660531697,0.072,0.0174418604651162,,0.003257328990228,0.4876033057851239,0.8775510204081632,0.1025641025641025,0.6721581548599671,0.2814258911819887,0.7848837209302325,0.2058823529411764,0.6970474967907574,0.25810635538262,0.40625,0.2941176470588235,0.1560975609756097,0.2074468085106383,0.2,0.5688073394495413,0.7534246575342466,0.7160493827160493,0.8071428571428572,0.6875,0.033625730994152,95.92732778198337,0.5733333333333334,14.714784633294528,15.308634772462076,14.169383003492433,14.574679113185532,0.3301823092505064,0.6073619631901841,0.6955503512880562,0.5589225589225589,0.1688048615800135,0.44,0.4741379310344827,0.2727272727272727,0.2322754895340985,0.3982558139534883,0.4053254437869822,0.6277372262773723,0.0614449696151249,0.4395604395604395,0.4395604395604395,0.875,0.2072923700202565,0.3583061889250814,0.3594771241830065,0.8181818181818182,0.5502958579881657,0.6344086021505376,0.135593220338983,0.0532544378698224,0.6666666666666666,0.8333333333333334,0.1301775147928994,0.2727272727272727,1.0,0.3608247422680412,0.6928571428571428,0.0489690721649484,0.4210526315789473,0.25,0.3711340206185567,0.5989196488858879,0.363036303630363,0.511735883547732,0.5232617647058824,0.5110598701298703,0.1169626454378444,0.1517857142857142,0.0099750623441396,0.1078125,0.2979166666666666,7.928070175438595,25.1324120603015,0.2770663562281723,True,,4.0,2.0,2.0,2755,1610612745,2010,2009-10,False,1.0,395.0,60.0,0.31397704253882514,14.03223935985156,111.75785797438883,110.4434072345391,7.0,15.0,48.0,,,,,,,0.5007288956112026,0.3003696719720979,15.184232284903208,0.5405485672047623,0.2957755819351416,107.77591681496214,107.77591681496214,0.018514858608918994,0.013607370566727228,-1.1519929250516476,0.02447518576435881,-0.037669226552521584,2.66749041957695,3.9819411594266825
187341.0,3122.0,-57.0,6071.0,6072.0,1729.0,1507.0,800.0,12143.0,1091.0,1959.0,246.0,420.0,279.0,533.0,405.0,991.0,408.0,1052.0,144.0,367.0,19.0,52.0,26.0,84.0,352.0,1073.0,37.0,118.0,92.0,320.0,1904.0,4002.0,496.0,1440.0,1179.0,6475.0,6532.0,313.0,616.0,56.0,170.0,164.0,958.0,510.0,1086.0,118.0,404.0,483.0,1857.0,1918.0,1890.0,1272.0,216.0,354.0,16.0,1057.0,352.0,438.0,7.0,959.0,424.0,1383.0,286.0,138.0,557.0,144.0,258.0,3190.0,244.0,702.0,16.0,479.0,1438.0,150.0,2067.0,962.0,3029.0,87.0,454.0,283.0,171.0,479.0,91.0,290.0,468.0,46.0,189.0,87.0,947.0,86.0,248.0,662.0,1361.0,,103.0,130.0,1556.0,148.0,48.0,639.0,14.0,176.0,238.0,168.0,10.0,60.0,243.0,141.0,13.0,5.0,16.0,11.0,5517.0,1857.0,1729.0,159.0,0.5036764705882353,0.5552982049797336,0.8548387096774194,0.3444444444444444,0.3294117647058823,0.292079207920792,0.348314606741573,0.4757621189405297,0.5081168831168831,0.4696132596685083,0.4865858140389563,0.5050890585241731,0.4610738255033557,0.5258296550596697,0.5419501133786848,0.5211744776962168,0.2646085997794928,0.0048611111111111,0.1094452773613193,0.1643695763144461,0.0938446014127144,0.0218631178707224,0.0081743869209809,0.0037278657968313,0.5058078141499472,0.8771929824561403,0.0842105263157894,0.6916786916786917,0.3396226415094339,0.7639553429027113,0.270509977827051,0.7084257206208425,0.3186257999326372,0.4142357059509918,0.3125,0.2634069400630915,0.2584434654919236,0.3076923076923077,0.580952380952381,0.6824324324324325,0.779463243873979,0.7651991614255765,0.76,0.0343330702446724,93.33739010681056,0.5802469135802469,15.451161258441772,15.404644268774703,14.63169164882227,14.6816534914361,0.3599779492833517,0.5569167942827974,0.6664630421502749,0.5105407882676444,0.1821021683204704,0.408678102926337,0.4510022271714922,0.3555555555555555,0.193311282616685,0.3878326996197718,0.3965014577259475,0.6323529411764706,0.0674384417493568,0.3923705722070845,0.3956043956043956,0.9583333333333334,0.197170158030136,0.3280521901211556,0.3292797006548176,0.8125,0.5343511450381679,0.5857142857142857,0.2032520325203252,0.0661577608142493,0.3653846153846153,0.8421052631578947,0.1501272264631043,0.3135593220338983,0.945945945945946,0.3577181208053691,0.5234521575984991,0.0563758389261744,0.3095238095238095,0.2147651006711409,0.2875,0.6245865490628445,0.3330179754020814,0.5137620088544553,0.5282912096774195,0.5034263568521031,0.1099141558660158,0.1422212330291564,0.0096685082872928,0.1479536679536679,0.2867953667953667,7.029735132433785,25.24298611111112,0.284796573875803,False,,5.0,4.0,1.0,2755,1610612745,2010,2009-10,False,6.0,1443.0,192.0,0.2859242925395075,15.495022612588437,106.65458738263878,107.57575757575758,16.0,93.0,159.0,,,,,,,0.5007288956112026,0.3003696719720979,15.184232284903208,0.5405485672047623,0.2957755819351416,107.77591681496214,107.77591681496214,-0.014143081572246308,-0.014445379432590388,0.3107903276852291,-0.014718912145092578,0.022850217997495592,-0.20015923920456657,-1.121329432323364
46465.0,774.0,-175.0,1528.0,1527.0,367.0,486.0,212.0,3055.0,268.0,476.0,58.0,112.0,69.0,120.0,87.0,238.0,120.0,352.0,26.0,68.0,3.0,6.0,8.0,17.0,74.0,223.0,7.0,19.0,12.0,55.0,475.0,1066.0,100.0,291.0,321.0,1571.0,1746.0,89.0,183.0,10.0,25.0,26.0,234.0,101.0,246.0,20.0,72.0,110.0,372.0,416.0,534.0,270.0,30.0,112.0,3.0,220.0,74.0,106.0,1.0,208.0,90.0,298.0,65.0,25.0,113.0,28.0,67.0,686.0,44.0,199.0,6.0,115.0,329.0,53.0,497.0,249.0,746.0,32.0,118.0,69.0,49.0,120.0,31.0,76.0,120.0,7.0,44.0,20.0,240.0,23.0,56.0,196.0,390.0,2.0,29.0,23.0,426.0,42.0,6.0,187.0,,44.0,93.0,58.0,2.0,33.0,93.0,49.0,1.0,2.0,5.0,9.0,1337.0,372.0,367.0,55.0,0.4378947368421053,0.4964200477326969,0.9,0.3436426116838488,0.4,0.2777777777777778,0.3472222222222222,0.4455909943714822,0.4863387978142076,0.4105691056910569,0.4605747973470891,0.5,0.4119496855345912,0.5067917205692108,0.5109649122807017,0.4768637532133676,0.2144436256448047,0.0034364261168384,0.099437148217636,0.1323529411764706,0.1596638655462184,0.0142045454545454,0.0147058823529411,,0.5,0.8833333333333333,0.125,0.6489151873767258,0.342512908777969,0.71875,0.2417582417582417,0.6656671664167916,0.3184796854521625,0.4271844660194174,0.3758389261744966,0.243362831858407,0.2056737588652482,0.3658536585365853,0.6158536585365854,0.5875,0.73224043715847,0.7142857142857143,0.7291666666666666,0.0484848484848484,94.67771440869473,0.5268817204301075,15.390052356020943,15.028814669286184,14.666230366492147,14.284872298624755,0.3507737656595431,0.5630252100840336,0.648910411622276,0.4216417910447761,0.1753868828297715,0.3655462184873949,0.435,0.3218390804597701,0.2593957258658806,0.3409090909090909,0.345821325648415,0.5583333333333333,0.0501105379513633,0.3823529411764705,0.3880597014925373,0.9615384615384616,0.1643330876934414,0.3318385650224215,0.3318385650224215,0.8783783783783784,0.5384615384615384,0.5178571428571429,0.0862068965517241,0.0288461538461538,0.5,1.0,0.0913461538461538,0.3684210526315789,0.8571428571428571,0.3773584905660377,0.575,0.0534591194968553,0.4705882352941176,0.1729559748427672,0.2181818181818181,0.5652173913043478,0.3363636363636363,0.5070233185513671,0.5176585227272726,0.5015037974683543,0.1245006657789613,0.1544178364987613,,0.1489497135582431,0.2367918523233609,8.037148217636021,25.15670103092784,0.2401832460732984,True,,,,,2755,1610612758,2010,2009-10,False,,340.0,30.0,0.313927781871776,15.630698692231542,102.81413612565446,114.3418467583497,5.0,21.0,40.0,,,,,,,0.5007288956112026,0.3003696719720979,15.184232284903208,0.5405485672047623,0.2957755819351416,107.77591681496214,107.77591681496214,-0.04015409826411348,0.013558109899678095,0.44646640732833376,-0.03375684663555145,0.0227041035170209,6.565929943387559,-4.9617806893076875
192095.0,3202.0,-183.0,6248.0,6254.0,1539.0,1824.0,783.0,12502.0,1144.0,1871.0,240.0,431.0,285.0,481.0,432.0,1080.0,611.0,1495.0,123.0,292.0,12.0,27.0,31.0,69.0,259.0,800.0,17.0,58.0,65.0,221.0,2187.0,4446.0,382.0,1092.0,1109.0,6629.0,6812.0,350.0,656.0,29.0,85.0,169.0,956.0,516.0,1025.0,96.0,290.0,391.0,1711.0,2092.0,2282.0,1005.0,141.0,420.0,18.0,782.0,259.0,356.0,5.0,1046.0,335.0,1381.0,216.0,119.0,524.0,149.0,373.0,3097.0,150.0,750.0,24.0,527.0,1530.0,155.0,2212.0,924.0,3136.0,111.0,446.0,290.0,156.0,466.0,115.0,266.0,521.0,32.0,200.0,99.0,987.0,79.0,214.0,717.0,1437.0,4.0,106.0,138.0,1542.0,167.0,45.0,685.0,6.0,142.0,271.0,168.0,9.0,94.0,273.0,161.0,12.0,4.0,19.0,21.0,5673.0,1711.0,1539.0,161.0,0.4782807498856881,0.5290844714213455,0.8769633507853403,0.3498168498168498,0.3411764705882353,0.3310344827586207,0.3556797020484171,0.4919028340080971,0.5335365853658537,0.5034146341463415,0.4983748645720476,0.5310391363022942,0.5019011406844106,0.5315220896485005,0.5670225385527876,0.5459511568123393,0.1971830985915492,0.0045787545787545,0.0800719748088169,0.1111704970603955,0.1212962962962962,0.0113712374581939,0.0034246575342465,0.005,0.4721377912867274,0.8469945355191257,0.1043478260869565,0.6970387243735763,0.3367759317467445,0.7682215743440233,0.2262443438914027,0.7139881985421729,0.3114186851211072,0.3922114047287899,0.4203125,0.2292626728110599,0.1983967935871743,0.3109756097560975,0.5871271585557299,0.6829268292682927,0.7897793263646922,0.7660377358490567,0.7756410256410257,0.0438561833267483,93.71862880345662,0.5897435897435898,15.432618437900128,15.297729453149984,14.770966709346991,14.629677006715704,0.3378475984109786,0.6114377338321753,0.687913409500902,0.458041958041958,0.1950162513542795,0.4,0.4552160168598524,0.3449074074074074,0.2699530516431925,0.408695652173913,0.4133964817320704,0.6104746317512275,0.0527266161068978,0.4212328767123288,0.422680412371134,0.967479674796748,0.1444564824846515,0.32375,0.3253768844221105,0.833976833976834,0.581646423751687,0.5568445475638051,0.1125,0.0364372469635627,0.4444444444444444,1.0,0.078272604588394,0.293103448275862,0.9411764705882352,0.3657794676806083,0.5925155925155925,0.0524714828897338,0.4492753623188406,0.1680608365019011,0.2941176470588235,0.535030697002528,0.3312020460358056,0.4997868516503447,0.5230956386292837,0.4985503464203232,0.114026402640264,0.1379935535858178,0.0054744525547445,0.1442148136973902,0.2581083119625886,8.174606387764278,25.162179487179483,0.2463188220230473,False,,2.0,2.0,,2755,1610612758,2010,2009-10,False,2.0,1310.0,118.0,0.27843986998916576,15.717861988572304,106.09795134443021,108.92228973456987,11.0,92.0,126.0,,,,,,,0.5007288956112026,0.3003696719720979,15.184232284903208,0.5405485672047623,0.2957755819351416,107.77591681496214,107.77591681496214,-0.0023540310391549912,-0.02192980198293215,0.5336297036690958,-0.009026477556261847,0.015643103185965623,1.1463729196077281,-1.6779654705319302
156160.0,2603.0,163.0,5173.0,5169.0,1438.0,1279.0,615.0,10342.0,857.0,1378.0,163.0,288.0,188.0,304.0,410.0,1029.0,369.0,940.0,120.0,280.0,12.0,26.0,24.0,67.0,340.0,919.0,25.0,78.0,100.0,284.0,1636.0,3347.0,460.0,1199.0,1198.0,5850.0,5687.0,237.0,471.0,37.0,104.0,133.0,718.0,381.0,789.0,124.0,351.0,487.0,1621.0,1860.0,1412.0,1161.0,219.0,260.0,12.0,907.0,340.0,278.0,9.0,930.0,387.0,1317.0,274.0,113.0,475.0,180.0,275.0,3021.0,162.0,527.0,12.0,347.0,1283.0,133.0,1763.0,701.0,2464.0,73.0,393.0,241.0,152.0,387.0,65.0,235.0,329.0,26.0,152.0,77.0,716.0,53.0,193.0,515.0,1086.0,3.0,60.0,54.0,1475.0,111.0,47.0,544.0,31.0,181.0,231.0,131.0,8.0,92.0,237.0,119.0,9.0,2.0,12.0,17.0,5132.0,1582.0,1416.0,134.0,0.5684596577017115,0.6175298804780877,0.841304347826087,0.3836530442035029,0.3557692307692308,0.3532763532763532,0.3875315922493682,0.4887959366596952,0.5031847133757962,0.4828897338403042,0.5116586009678838,0.508695652173913,0.4973684210526315,0.5597302504816956,0.549079754601227,0.5669014084507042,0.2637483501979762,0.0075062552126772,0.0830594562294592,0.1168359941944847,0.1068999028182701,0.0074468085106382,0.0142857142857142,0.0054406964091403,0.5405027932960894,0.93006993006993,0.1,0.6752631578947368,0.3131313131313131,0.7414529914529915,0.2317596566523605,0.6883445945945946,0.2892527287993283,0.3965183752417795,0.3197389885807504,0.2278481012658227,0.2320441988950276,0.2307692307692307,0.5753424657534246,0.6686390532544378,0.7531556802244039,0.7597765363128491,0.6818181818181818,0.0347619047619047,95.36680327868854,0.5021097046413502,15.147109994200656,15.052041013735732,14.482891938913587,14.346682143548074,0.3031236251649802,0.6219158200290276,0.7041906327033689,0.5542590431738623,0.2263528376594808,0.3984450923226433,0.4461371055495103,0.4390243902439024,0.2067751869775627,0.3925531914893617,0.3954983922829582,0.7452574525745257,0.0615926088869335,0.4285714285714285,0.4347826086956521,0.9416666666666668,0.2021557413110426,0.3699673558215451,0.3719912472647702,0.8058823529411765,0.5008695652173913,0.5659722222222222,0.2085889570552147,0.0452173913043478,0.4615384615384615,0.8333333333333334,0.1356521739130435,0.3205128205128205,0.88,0.2666666666666666,0.618421052631579,0.0587719298245614,0.3582089552238806,0.2491228070175438,0.352112676056338,0.5668719753629564,0.3748621830209482,0.5105582781456949,0.5289949891067538,0.4917221187943263,0.114793371930525,0.1439153439153439,0.0252237591537835,0.1227350427350427,0.2770940170940171,8.355990439199282,25.252043369474556,0.2779818287260777,True,,6.0,2.0,4.0,2755,1610612745,2011,2010-11,False,1.0,1211.0,81.0,0.32446106467223934,13.742802303262955,113.08718345254205,110.02128071193654,12.0,61.0,146.0,24.0,38.0,57.0,22.0,,,0.4983582761899995,0.2999649632113719,15.3048308900423,0.5388082245176379,0.2966665086063825,107.47894475824326,107.47894475824326,0.013300324777884343,0.024496101460867448,-1.5620285867793449,0.020922025964057678,-0.0074137798070542105,2.542335953693282,5.608238694298791
82400.0,1373.0,16.0,2630.0,2629.0,637.0,605.0,382.0,5259.0,436.0,731.0,115.0,195.0,100.0,165.0,183.0,510.0,238.0,544.0,57.0,158.0,6.0,16.0,17.0,37.0,160.0,486.0,16.0,44.0,40.0,121.0,857.0,1785.0,217.0,644.0,470.0,2835.0,2819.0,157.0,295.0,22.0,60.0,77.0,457.0,181.0,397.0,57.0,158.0,163.0,696.0,898.0,816.0,567.0,84.0,176.0,6.0,480.0,160.0,153.0,9.0,449.0,189.0,638.0,136.0,53.0,218.0,74.0,157.0,1465.0,116.0,324.0,5.0,214.0,678.0,59.0,951.0,445.0,1396.0,47.0,188.0,122.0,66.0,201.0,33.0,141.0,193.0,21.0,60.0,30.0,394.0,41.0,84.0,300.0,555.0,,29.0,35.0,608.0,49.0,23.0,239.0,10.0,64.0,134.0,84.0,,50.0,134.0,83.0,3.0,2.0,3.0,4.0,2378.0,688.0,632.0,36.0,0.5239206534422404,0.5838751625487646,0.8709677419354839,0.3369565217391304,0.3666666666666666,0.360759493670886,0.3401253918495298,0.4801120448179272,0.5322033898305085,0.4559193954659949,0.4868258542610127,0.5352112676056338,0.4801801801801801,0.5228454680534919,0.56575682382134,0.5259541984732824,0.2651296829971181,0.0139751552795031,0.0857142857142857,0.1244870041039671,0.1019607843137254,0.0183823529411764,0.0189873417721519,0.0123456790123456,0.5101522842639594,0.7972972972972973,0.0704225352112676,0.691131498470948,0.3564356435643564,0.7561837455830389,0.2892768079800499,0.7056962025316456,0.3358778625954198,0.4334470989761092,0.359375,0.277027027027027,0.3069306930693069,0.2346938775510204,0.583941605839416,0.6636636636636637,0.7941176470588235,0.7674418604651163,0.7205882352941176,0.0407279029462738,91.90485436893204,0.6194029850746269,16.058174904942966,15.278432864206923,15.24638783269962,14.506656523392923,0.3009468917249897,0.5964432284541724,0.68125,0.5,0.2099629477151091,0.3588235294117647,0.3995633187772925,0.4043715846994535,0.223960477562783,0.4375,0.445692883895131,0.6596638655462185,0.0650473445862494,0.360759493670886,0.3677419354838709,0.9298245614035088,0.2000823384108686,0.3292181069958848,0.3333333333333333,0.85,0.5492957746478874,0.5897435897435898,0.1739130434782608,0.0450704225352112,0.375,0.8333333333333334,0.1239436619718309,0.3636363636363636,0.9375,0.2972972972972973,0.6060606060606061,0.0666666666666666,0.4594594594594595,0.218018018018018,0.3305785123966942,0.5660765747221078,0.3333333333333333,0.4995053305785121,0.5326276363636363,0.485141605839416,0.0947488584474885,0.1210126582278481,0.0153139356814701,0.1611992945326278,0.2455026455026455,8.621288515406167,25.227329192546573,0.2422053231939163,False,,,,,2755,1610612745,2011,2010-11,False,1.0,543.0,22.0,0.2503087690407575,14.893102301248904,107.79467680608364,107.22708254089007,8.0,38.0,54.0,19.0,17.0,22.0,14.0,,,0.4983582761899995,0.2999649632113719,15.3048308900423,0.5388082245176379,0.2966665086063825,107.47894475824326,107.47894475824326,-0.011532421928986791,-0.0496561941706144,-0.41172858879339636,-0.015962756464146022,0.0392113539890373,-0.25186221735319236,0.31573204784038467
75817.0,1264.0,-15.0,2452.0,2447.0,471.0,580.0,303.0,4899.0,383.0,623.0,83.0,142.0,74.0,114.0,196.0,528.0,212.0,491.0,56.0,133.0,2.0,7.0,9.0,26.0,130.0,408.0,14.0,34.0,28.0,86.0,791.0,1642.0,186.0,541.0,437.0,2577.0,2592.0,127.0,236.0,16.0,41.0,60.0,362.0,134.0,278.0,37.0,112.0,157.0,536.0,770.0,812.0,444.0,114.0,138.0,4.0,404.0,130.0,133.0,3.0,385.0,148.0,533.0,94.0,54.0,182.0,61.0,142.0,1214.0,83.0,262.0,1.0,204.0,606.0,52.0,862.0,346.0,1208.0,38.0,179.0,110.0,69.0,186.0,43.0,98.0,195.0,13.0,88.0,36.0,381.0,33.0,55.0,250.0,545.0,,42.0,28.0,527.0,35.0,13.0,207.0,5.0,61.0,137.0,81.0,8.0,48.0,137.0,69.0,12.0,2.0,12.0,13.0,2215.0,520.0,463.0,52.0,0.4867256637168141,0.5332409972299169,0.7956989247311828,0.3438077634011091,0.3902439024390244,0.3303571428571428,0.3463687150837989,0.4817295980511571,0.538135593220339,0.4820143884892086,0.4901511681172698,0.5451263537906137,0.4858974358974359,0.5299586776859504,0.5748407643312102,0.5571725571725572,0.2478240952817224,0.0055452865064695,0.0809987819732034,0.1123595505617977,0.1117424242424242,0.0081466395112016,,0.0073529411764705,0.4881889763779528,0.896551724137931,0.024390243902439,0.6808988764044944,0.3122765196662693,0.7445255474452555,0.2434017595307918,0.6958762886597938,0.2923728813559322,0.4194915254237288,0.3058103975535168,0.2282608695652173,0.2377358490566037,0.2631578947368421,0.583011583011583,0.6602564102564102,0.780564263322884,0.7513227513227513,0.7294117647058823,0.0362595419847328,93.04720577179262,0.5036496350364964,15.224714518760196,15.727829995913364,14.58605220228385,14.89946873722926,0.2853870819972515,0.6147672552166934,0.6925858951175407,0.4751958224543081,0.2418689876316995,0.3712121212121212,0.417910447761194,0.3112244897959184,0.2249198350893266,0.4317718940936864,0.4353182751540041,0.6698113207547169,0.0609253321117727,0.4210526315789473,0.4210526315789473,0.9642857142857144,0.1868987631699496,0.3186274509803921,0.3209876543209876,0.7230769230769231,0.5126353790613718,0.5845070422535211,0.0963855421686747,0.0252707581227436,0.2857142857142857,1.0,0.1227436823104693,0.4117647058823529,0.8571428571428571,0.2923076923076923,0.6491228070175439,0.0666666666666666,0.3461538461538461,0.2205128205128205,0.3255813953488372,0.5332111772789739,0.3217821782178218,0.5041015409383623,0.5329556053811659,0.4930337239583335,0.0898685883849088,0.1141124586549062,0.0091743119266055,0.1404734187039192,0.2079937912301125,8.723081607795372,25.460258780036963,0.1920880913539967,True,,,,,2755,1610612745,2012,2011-12,False,1.0,489.0,39.0,0.24141090242785157,15.551782128104232,105.0978792822186,105.92562321209644,6.0,32.0,50.0,20.0,21.0,28.0,17.0,,,0.4872972553884323,0.2757698868041557,15.785716770202097,0.5243304559539619,0.3003708993733874,104.63401645869132,104.63401645869132,0.002853912728837449,-0.034358984376304136,-0.2339346420978643,0.005628221731988514,-0.0079980180174552,1.2916067534051194,0.46386282352727903
116963.0,1949.0,30.0,3705.0,3702.0,750.0,969.0,484.0,7407.0,615.0,987.0,147.0,242.0,106.0,173.0,280.0,755.0,325.0,829.0,114.0,255.0,9.0,25.0,26.0,58.0,178.0,534.0,15.0,46.0,37.0,120.0,1220.0,2571.0,292.0,789.0,581.0,3897.0,3867.0,198.0,385.0,24.0,71.0,57.0,525.0,213.0,423.0,63.0,178.0,205.0,820.0,1258.0,1182.0,726.0,150.0,234.0,4.0,530.0,178.0,198.0,6.0,629.0,242.0,871.0,130.0,112.0,284.0,120.0,225.0,1984.0,117.0,441.0,3.0,343.0,854.0,104.0,1301.0,561.0,1862.0,55.0,316.0,206.0,110.0,309.0,58.0,195.0,265.0,21.0,114.0,45.0,574.0,66.0,105.0,371.0,802.0,,72.0,52.0,774.0,53.0,23.0,301.0,3.0,98.0,181.0,120.0,9.0,52.0,182.0,98.0,12.0,5.0,7.0,11.0,3372.0,796.0,736.0,86.0,0.5155737704918033,0.5702629193109701,0.8287671232876712,0.3700887198986058,0.3380281690140845,0.3539325842696629,0.3719745222929936,0.4745235316997277,0.5142857142857142,0.5035460992907801,0.493452380952381,0.5131578947368421,0.5116472545757071,0.5233279395900755,0.5292338709677419,0.5581395348837209,0.2348214285714285,0.0076045627376425,0.0770128354725787,0.1266464032421479,0.0847682119205298,0.0108564535585042,0.0078431372549019,0.0074906367041198,0.5383275261324042,0.9203539823008848,0.0333333333333333,0.6708562450903378,0.3330815709969788,0.7622222222222222,0.2484076433121019,0.6947185142193848,0.3108635097493036,0.4281842818428184,0.3369330453563715,0.258130081300813,0.2245508982035928,0.3065693430656934,0.5660377358490566,0.6753554502369669,0.7479166666666667,0.7515527950310559,0.7890625,0.034439574201628,91.19191539204704,0.5384615384615384,15.878002699055331,15.703673689897352,15.056140350877191,14.945705024311184,0.29375,0.6231003039513677,0.7134570765661253,0.4617886178861788,0.2247023809523809,0.3708609271523179,0.4052098408104196,0.4285714285714285,0.2467261904761905,0.3920386007237635,0.3963414634146341,0.6923076923076923,0.0758928571428571,0.4470588235294118,0.4505928853754941,0.9824561403508772,0.1589285714285714,0.3333333333333333,0.3358490566037735,0.7303370786516854,0.5307017543859649,0.6074380165289256,0.1564625850340136,0.0548245614035087,0.36,1.0,0.1008771929824561,0.3260869565217391,0.8666666666666667,0.2878535773710483,0.6127167630057804,0.0965058236272878,0.4482758620689655,0.1996672212978369,0.3083333333333333,0.5285714285714286,0.3358490566037735,0.5008445571130332,0.5262311320754715,0.4913046822742476,0.0842105263157894,0.1067754522880454,0.0037926675094816,0.1347190146266358,0.2104182704644598,8.895527032283153,24.90570342205322,0.2024291497975708,False,,1.0,1.0,,2755,1610612745,2012,2011-12,False,1.0,725.0,44.0,0.23035714285714284,15.45686618770129,105.18218623481782,104.45705024311184,10.0,52.0,70.0,37.0,25.0,28.0,23.0,,,0.4872972553884323,0.2757698868041557,15.785716770202097,0.5243304559539619,0.3003708993733874,104.63401645869132,104.63401645869132,0.006155125563948649,-0.04541274394701286,-0.3288505825008059,-0.0010025163638863743,0.0104926103759162,-0.17696621557948333,0.5481697761264996
128176.0,2136.0,439.0,4187.0,4164.0,1279.0,1181.0,467.0,8351.0,710.0,1079.0,122.0,218.0,205.0,303.0,279.0,671.0,322.0,778.0,99.0,226.0,7.0,22.0,22.0,51.0,254.0,693.0,16.0,52.0,58.0,190.0,1311.0,2528.0,353.0,919.0,1117.0,4798.0,4359.0,165.0,316.0,23.0,74.0,139.0,538.0,381.0,722.0,80.0,241.0,485.0,1487.0,1280.0,1342.0,897.0,162.0,178.0,9.0,683.0,253.0,176.0,4.0,640.0,299.0,939.0,203.0,96.0,375.0,84.0,181.0,2177.0,151.0,357.0,14.0,437.0,984.0,96.0,1517.0,522.0,2039.0,41.0,368.0,239.0,129.0,351.0,67.0,188.0,332.0,37.0,163.0,50.0,683.0,57.0,204.0,406.0,966.0,,61.0,65.0,1313.0,98.0,28.0,525.0,9.0,157.0,277.0,175.0,26.0,76.0,286.0,177.0,11.0,4.0,10.0,14.0,4260.0,1466.0,1267.0,97.0,0.4881769641495042,0.5237315875613748,0.8470254957507082,0.3841131664853101,0.3108108108108108,0.3319502074688796,0.3868131868131868,0.5185917721518988,0.5221518987341772,0.5277008310249307,0.5339425587467362,0.5115384615384615,0.5202492211838006,0.5912580485388806,0.5726495726495726,0.6012195121951219,0.2666086451987235,0.0043525571273122,0.0696202531645569,0.1056533827618165,0.081967213114754,0.0089974293059125,,0.0057720057720057,0.513909224011713,0.8888888888888888,0.1590909090909091,0.6689326988443236,0.2975,0.7560553633217993,0.2806691449814126,0.6935090287945339,0.2922899884925201,0.3643835616438356,0.3221649484536082,0.2214765100671141,0.2801932367149758,0.282258064516129,0.5880077369439072,0.6602972399150743,0.7639751552795031,0.7439293598233996,0.8,0.0262483994878361,93.81974784671075,0.6188811188811189,14.861475997133986,15.83837656099904,14.245999522331024,15.064121037463975,0.3130258195532347,0.6580166821130676,0.7357512953367875,0.528169014084507,0.1946620249492312,0.4157973174366617,0.4529220779220779,0.3010752688172043,0.2257035102988105,0.4138817480719794,0.4176394293125811,0.562111801242236,0.065564258775747,0.4380530973451327,0.4380530973451327,0.9696969696969696,0.2010443864229765,0.3665223665223665,0.3686502177068215,0.7992125984251969,0.558974358974359,0.5596330275229358,0.2131147540983606,0.0564102564102564,0.3181818181818182,1.0,0.1333333333333333,0.3076923076923077,0.9375,0.3146417445482866,0.6765676567656765,0.0529595015576324,0.4313725490196078,0.1973001038421599,0.3052631578947368,0.5796344647519582,0.370424597364568,0.5195620524017467,0.537108103448276,0.5073089435146444,0.137593403761917,0.1776649746192893,0.009719222462203,0.1121300541892455,0.3099208003334723,8.452848101265824,25.10859630032643,0.3054693097683305,True,1.0,9.0,6.0,3.0,2755,1610612760,2013,2012-13,False,2.0,1015.0,44.0,0.38091093704670725,16.31738386705274,114.59278719847146,104.68299711815563,19.0,74.0,127.0,37.0,34.0,40.0,24.0,,,0.496423770764202,0.2704591560892619,15.654765957901182,0.5319057009283673,0.2972696784742157,105.90360705254285,105.90360705254285,0.03751878798253422,0.11045178095744534,0.6626179091515585,0.059352347610513334,-0.004979689981695623,-1.2206099343872268,8.689180145928603
109784.0,1830.0,316.0,3558.0,3567.0,735.0,786.0,406.0,7125.0,646.0,1001.0,134.0,209.0,129.0,209.0,234.0,589.0,337.0,798.0,78.0,180.0,4.0,9.0,18.0,33.0,167.0,489.0,21.0,47.0,36.0,119.0,1217.0,2388.0,245.0,669.0,702.0,3871.0,3555.0,167.0,298.0,25.0,56.0,81.0,490.0,213.0,418.0,54.0,152.0,236.0,824.0,1208.0,1226.0,630.0,105.0,208.0,6.0,483.0,167.0,142.0,,604.0,210.0,814.0,134.0,76.0,334.0,87.0,183.0,1838.0,106.0,343.0,14.0,382.0,938.0,73.0,1393.0,463.0,1856.0,46.0,311.0,197.0,114.0,322.0,53.0,190.0,248.0,37.0,132.0,36.0,570.0,56.0,110.0,298.0,688.0,,33.0,43.0,883.0,66.0,22.0,368.0,9.0,86.0,325.0,222.0,25.0,78.0,338.0,210.0,19.0,,10.0,15.0,3381.0,813.0,729.0,58.0,0.4963023829087921,0.5426774483378257,0.8571428571428571,0.3662182361733931,0.4464285714285714,0.3552631578947368,0.3695324283559578,0.5096314907872697,0.5604026845637584,0.5095693779904307,0.5183186130192999,0.577683615819209,0.5157894736842106,0.55779258400927,0.607940446650124,0.5798022598870056,0.2188420019627085,,0.0594639865996649,0.0999000999000999,0.0594227504244482,0.0087719298245614,,,0.5649122807017544,0.8795180722891566,0.1590909090909091,0.696362286562732,0.2949269131556319,0.7388781431334622,0.2604422604422604,0.7081545064377682,0.2859872611464968,0.3672316384180791,0.2982954545454545,0.2363238512035011,0.2418300653594771,0.3168316831683168,0.6152263374485597,0.6710875331564987,0.7975206611570248,0.7405541561712846,0.7333333333333333,0.0321903428971308,93.45624134664432,0.621301775147929,15.089938167509835,15.725820016820858,14.463743676222595,14.977572189514998,0.3274452077199869,0.6453546453546454,0.7169811320754716,0.5170278637770898,0.19267255479228,0.397283531409168,0.4223826714801444,0.3717948717948718,0.2610402355250245,0.4223057644110276,0.4260429835651074,0.543026706231454,0.0588812561334641,0.4333333333333333,0.4333333333333333,0.9743589743589745,0.1599607458292443,0.3415132924335378,0.3415132924335378,0.8023952095808383,0.5903954802259888,0.6411483253588517,0.1044776119402985,0.0254237288135593,0.4444444444444444,0.75,0.1327683615819209,0.4468085106382978,0.9523809523809524,0.3666666666666666,0.6172248803827751,0.0578947368421052,0.5454545454545454,0.2087719298245614,0.3025210084033613,0.5462872096826955,0.3457556935817805,0.5197103346456694,0.5369699646643111,0.5291585992907801,0.112002376708259,0.1368029739776951,0.0133136094674556,0.1265822784810126,0.21286489279256,8.744304857621437,24.79551569506726,0.2065767284991568,False,,13.0,12.0,1.0,2755,1610612760,2013,2012-13,False,2.0,679.0,25.0,0.28884527314360486,16.044948374674878,108.79707700955593,99.66358284272498,8.0,34.0,67.0,20.0,21.0,7.0,24.0,,,0.496423770764202,0.2704591560892619,15.654765957901182,0.5319057009283673,0.2972696784742157,105.90360705254285,105.90360705254285,0.021894842255097913,0.018386117054342954,0.3901824167736958,0.0258868830809027,-0.011282417327718897,-6.240024209817875,2.8934699570130817
130620.0,2177.0,177.0,4496.0,4478.0,1309.0,944.0,555.0,8974.0,894.0,1478.0,179.0,293.0,220.0,380.0,295.0,760.0,264.0,765.0,79.0,228.0,11.0,29.0,23.0,60.0,256.0,725.0,14.0,49.0,76.0,206.0,1453.0,3003.0,335.0,953.0,1087.0,4998.0,4821.0,220.0,430.0,25.0,78.0,144.0,659.0,359.0,794.0,99.0,266.0,475.0,1490.0,1672.0,1234.0,870.0,135.0,294.0,7.0,718.0,256.0,228.0,11.0,836.0,290.0,1126.0,217.0,73.0,541.0,139.0,156.0,2542.0,146.0,485.0,12.0,449.0,1004.0,83.0,1536.0,643.0,2179.0,46.0,407.0,258.0,149.0,347.0,65.0,232.0,266.0,39.0,115.0,53.0,613.0,51.0,173.0,360.0,790.0,2.0,42.0,40.0,1340.0,107.0,32.0,534.0,13.0,155.0,115.0,76.0,4.0,35.0,124.0,76.0,13.0,1.0,13.0,5.0,4339.0,1451.0,1287.0,69.0,0.5753613214039918,0.6401225114854517,0.8656716417910447,0.3515215110178384,0.3205128205128205,0.3721804511278195,0.354122621564482,0.4838494838494838,0.5116279069767442,0.4521410579345088,0.4943124368048534,0.5068897637795275,0.4787735849056603,0.5458141067897165,0.554806070826307,0.5542664670658682,0.2408998988877654,0.0115424973767051,0.0759240759240759,0.1096075778078484,0.0644736842105263,0.0222222222222222,0.0131578947368421,0.0110344827586206,0.566068515497553,0.912087912087912,0.0983606557377049,0.729121278140886,0.3167864141084258,0.7584459459459459,0.24212271973466,0.7379380396140173,0.2956888472352389,0.3706896551724138,0.308695652173913,0.2606924643584521,0.2205240174672489,0.3103448275862069,0.6203473945409429,0.7230046948356808,0.8138686131386861,0.7659574468085106,0.7396449704142012,0.0241977906365071,98.93247588424435,0.6129032258064516,14.560275800711745,14.550468959356856,13.982428825622776,13.976552032157214,0.3736097067745197,0.6048714479025711,0.6793313069908815,0.6051454138702461,0.19211324570273,0.3881578947368421,0.4149085794655415,0.4711864406779661,0.1933771486349848,0.3450980392156862,0.3529411764705882,0.5909090909090909,0.057633973710819,0.3464912280701754,0.3511111111111111,0.9240506329113924,0.1832659251769464,0.353103448275862,0.3570432357043235,0.84765625,0.5767716535433071,0.6109215017064846,0.1284916201117318,0.0570866141732283,0.3793103448275862,0.9090909090909092,0.0964566929133858,0.2857142857142857,0.7857142857142857,0.3584905660377358,0.5789473684210527,0.0566037735849056,0.3833333333333333,0.1943396226415094,0.3689320388349514,0.6145096056622852,0.3565459610027855,0.5243547884469217,0.5263634660421542,0.5140140818268315,0.1244313011828935,0.1556851311953352,0.0134575569358178,0.1318527410964385,0.2981192476990796,7.551415251415249,25.044910807974816,0.2911476868327402,True,,9.0,4.0,5.0,2755,1610612750,2014,2013-14,False,,1102.0,71.0,0.33872598584428715,13.575161661794667,111.16548042704626,107.65966949531041,9.0,68.0,118.0,26.0,16.0,33.0,20.0,,,0.5010775228728719,0.2841476794075583,15.443840075140995,0.5384117957002826,0.2889836583886325,106.80782655043758,106.80782655043758,-0.006765086068018511,0.05457830643672884,-1.8686784133463288,0.0074023110894338995,0.006705188846606425,0.8518429448728284,4.35765387660868
107640.0,1794.0,42.0,3552.0,3572.0,1145.0,843.0,520.0,7124.0,690.0,1170.0,173.0,292.0,236.0,357.0,183.0,508.0,263.0,737.0,54.0,173.0,4.0,23.0,17.0,52.0,211.0,631.0,18.0,54.0,71.0,197.0,1136.0,2415.0,265.0,804.0,703.0,3770.0,3728.0,215.0,410.0,22.0,77.0,105.0,601.0,366.0,711.0,88.0,249.0,326.0,1322.0,1248.0,1024.0,639.0,156.0,248.0,11.0,619.0,210.0,210.0,8.0,624.0,213.0,837.0,161.0,52.0,364.0,77.0,183.0,1887.0,151.0,455.0,11.0,387.0,782.0,102.0,1271.0,617.0,1888.0,53.0,311.0,187.0,124.0,297.0,56.0,195.0,233.0,32.0,102.0,33.0,530.0,55.0,169.0,342.0,714.0,,40.0,48.0,960.0,89.0,25.0,392.0,11.0,108.0,164.0,114.0,5.0,45.0,173.0,102.0,9.0,2.0,8.0,8.0,3169.0,1316.0,1140.0,64.0,0.5492957746478874,0.616600790513834,0.8037735849056604,0.3296019900497512,0.2857142857142857,0.3534136546184739,0.3329129886506936,0.4703933747412008,0.524390243902439,0.5147679324894515,0.476390183286735,0.5092402464065708,0.51875,0.5156679494227597,0.5366726296958855,0.5701906412478336,0.249767008387698,0.0099502487562189,0.0869565217391304,0.1264957264957265,0.1062992125984252,0.010854816824966,0.0115606936416184,0.0095087163232963,0.560377358490566,0.9107142857142856,0.0827067669172932,0.6729776247848537,0.3608247422680412,0.7543859649122807,0.2984189723320158,0.697910447761194,0.3429541595925297,0.4330543933054393,0.3625,0.285097192224622,0.2974358974358974,0.3017241379310345,0.6041131105398457,0.660427807486631,0.7518796992481203,0.75,0.7674418604651163,0.0342156229825694,95.30434782608695,0.5895953757225434,15.276182432432432,14.943729003359463,14.423141891891891,14.177211646136618,0.3634669151910531,0.5897435897435898,0.675146771037182,0.527536231884058,0.1578129853991923,0.3602362204724409,0.4030837004405286,0.4207650273224044,0.2289530910220565,0.3568521031207598,0.3607681755829904,0.6958174904942965,0.0537433985709847,0.3121387283236994,0.3157894736842105,0.9629629629629628,0.1960236098167132,0.3343898573692551,0.3376,0.7630331753554502,0.5995893223819302,0.5924657534246576,0.1849710982658959,0.0472279260780287,0.1739130434782608,0.75,0.1108829568788501,0.3333333333333333,0.9444444444444444,0.371875,0.6610644257703081,0.0541666666666666,0.3269230769230769,0.2052083333333333,0.3604060913705584,0.6132339235787512,0.3392568659127625,0.5123426741643236,0.5243173417721522,0.508455291005291,0.1141643059490085,0.144223693892568,0.0135467980295566,0.1594164456233421,0.3506631299734748,8.316024844720497,25.277860696517397,0.3223536036036036,False,1.0,9.0,6.0,3.0,2755,1610612750,2014,2013-14,False,3.0,833.0,61.0,0.2982292637465051,14.911096106234528,106.13738738738739,104.36730123180291,9.0,56.0,93.0,20.0,14.0,22.0,18.0,,,0.5010775228728719,0.2841476794075583,15.443840075140995,0.5384117957002826,0.2889836583886325,106.80782655043758,106.80782655043758,-0.02468733958613689,0.014081584338946795,-0.5327439689064679,-0.022743846277522906,0.05397050120389718,-2.44052531863467,-0.6704391630501902
78151.0,1303.0,-253.0,2585.0,2563.0,700.0,573.0,312.0,5148.0,374.0,650.0,83.0,161.0,84.0,148.0,200.0,512.0,278.0,692.0,31.0,80.0,3.0,14.0,9.0,20.0,105.0,311.0,14.0,34.0,37.0,94.0,852.0,1854.0,136.0,391.0,566.0,2678.0,2931.0,117.0,255.0,17.0,48.0,66.0,351.0,198.0,436.0,46.0,114.0,223.0,757.0,928.0,776.0,333.0,75.0,126.0,2.0,309.0,105.0,128.0,4.0,464.0,111.0,575.0,83.0,28.0,209.0,91.0,164.0,1261.0,57.0,301.0,6.0,278.0,509.0,67.0,854.0,364.0,1218.0,36.0,205.0,124.0,81.0,218.0,33.0,137.0,181.0,27.0,81.0,30.0,399.0,29.0,108.0,272.0,536.0,,23.0,38.0,702.0,63.0,16.0,294.0,2.0,79.0,95.0,64.0,4.0,27.0,97.0,54.0,9.0,1.0,4.0,3.0,2327.0,739.0,688.0,36.0,0.5446009389671361,0.5880861850443599,0.8161764705882353,0.3478260869565217,0.3541666666666667,0.4035087719298245,0.3496143958868895,0.459546925566343,0.4588235294117647,0.4541284403669725,0.4703786191536748,0.4702970297029702,0.4854545454545454,0.5211267605633803,0.5147058823529411,0.5523598820058997,0.1741648106904231,0.0102301790281329,0.0690399137001078,0.1138461538461538,0.0859375,0.0144508670520231,0.0125,0.0096463022508038,0.5463659147869674,0.8481012658227848,0.0869565217391304,0.6550836550836551,0.3043478260869565,0.7277486910994765,0.2326530612244897,0.6790336496980155,0.2901134521880065,0.3357664233576642,0.313915857605178,0.2758620689655172,0.2182741116751269,0.2916666666666667,0.5486381322957199,0.6488888888888888,0.752542372881356,0.7587412587412588,0.6354166666666666,0.0326382592928377,94.8563678007959,0.5567010309278351,15.098646034816248,15.263753413968006,14.427466150870409,14.50214592274678,0.289532293986637,0.5753846153846154,0.6493055555555556,0.5588235294117647,0.2280623608017817,0.390625,0.4273504273504273,0.455,0.3082405345211581,0.4017341040462427,0.407624633431085,0.5899280575539568,0.0356347438752783,0.3875,0.3924050632911392,0.9032258064516128,0.1385300668151447,0.337620578778135,0.3409090909090909,0.7904761904761904,0.5313531353135313,0.515527950310559,0.144578313253012,0.0462046204620462,0.2142857142857142,0.6666666666666666,0.1122112211221122,0.4117647058823529,0.6428571428571429,0.2690909090909091,0.5675675675675675,0.0363636363636363,0.45,0.1709090909090909,0.3936170212765957,0.4636971046770601,0.3398058252427184,0.4886134255129349,0.5227855311355313,0.4822324545454546,0.1194993944287444,0.1410071942446043,0.0051020408163265,0.1310679611650485,0.2826736370425691,9.54881337648328,24.99181585677749,0.2707930367504835,True,,2.0,2.0,,2755,1610612750,2015,2014-15,False,1.0,569.0,36.0,0.3126948775055679,15.412070084360805,103.59767891682786,114.35817401482637,5.0,40.0,62.0,28.0,17.0,11.0,14.0,,,0.4958748844675779,0.2733521428223963,15.148998326540193,0.5318971167159294,0.285676829047774,105.87250632562782,105.87250632562782,-0.025496265313903088,0.03934273468317162,0.26307175782061165,-0.010770356152549176,0.004436623140232521,8.48566768919855,-2.2748274087999647
159509.0,2658.0,-468.0,5205.0,5224.0,1359.0,1237.0,697.0,10429.0,910.0,1493.0,204.0,339.0,234.0,364.0,338.0,960.0,480.0,1290.0,70.0,197.0,8.0,19.0,15.0,39.0,200.0,635.0,19.0,55.0,61.0,198.0,1728.0,3743.0,270.0,832.0,1072.0,5338.0,5806.0,281.0,543.0,27.0,74.0,167.0,810.0,428.0,897.0,76.0,237.0,410.0,1494.0,1944.0,1512.0,672.0,138.0,316.0,16.0,619.0,200.0,310.0,7.0,972.0,224.0,1196.0,158.0,66.0,512.0,184.0,276.0,2616.0,147.0,637.0,21.0,552.0,1048.0,118.0,1718.0,805.0,2523.0,59.0,463.0,303.0,160.0,468.0,87.0,293.0,363.0,42.0,175.0,62.0,831.0,74.0,190.0,499.0,1035.0,,72.0,51.0,1407.0,112.0,34.0,608.0,9.0,123.0,228.0,159.0,12.0,57.0,230.0,109.0,14.0,5.0,4.0,9.0,4528.0,1488.0,1355.0,78.0,0.5625,0.619108280254777,0.8296296296296296,0.3245192307692308,0.3648648648648648,0.3206751054852321,0.3308823529411764,0.4616617686347849,0.5174953959484346,0.4771460423634336,0.4662295081967213,0.5210696920583469,0.4779541446208112,0.5107650903498654,0.5595567867036011,0.5365148228488793,0.1818579234972677,0.0084134615384615,0.0828212663638792,0.1386470194239785,0.0895833333333333,0.0131782945736434,,0.011023622047244,0.5631768953068592,0.8939393939393939,0.1337579617834395,0.6743886743886743,0.3209068010075567,0.7234600262123198,0.2816091954022988,0.6905481225722918,0.3127243717590746,0.3875432525951557,0.3230016313213703,0.2707808564231738,0.2512562814070351,0.3790322580645161,0.5836653386454184,0.6688034188034188,0.7568493150684932,0.726605504587156,0.7155963302752294,0.0268915223336371,94.14992257490174,0.4739130434782608,15.322190201729107,15.267419601837672,14.58328530259366,14.482963246554364,0.3263387978142076,0.6095110515740121,0.7076205287713841,0.5626373626373626,0.2098360655737705,0.3520833333333333,0.3867276887871853,0.5443786982248521,0.2819672131147541,0.3720930232558139,0.3770620581304006,0.575,0.0430601092896174,0.3553299492385787,0.3553299492385787,0.9428571428571428,0.1387978142076502,0.3149606299212598,0.3184713375796178,0.79,0.5494327390599676,0.6017699115044248,0.1764705882352941,0.0307941653160453,0.4210526315789473,0.875,0.0891410048622366,0.3454545454545454,0.8947368421052632,0.3209876543209876,0.6428571428571429,0.0343915343915343,0.3846153846153846,0.1746031746031746,0.308080808080808,0.5081967213114754,0.3231017770597738,0.5005076273046529,0.5273699619771863,0.4943306076854336,0.1214806064185863,0.1434300542580797,0.0107142857142857,0.1517422255526414,0.2798801049082053,9.010766764627306,25.36478365384614,0.2610951008645533,False,,2.0,2.0,,2755,1610612750,2015,2014-15,False,1.0,1181.0,75.0,0.30754098360655735,15.919296255996077,102.5552353506244,111.14088820826953,17.0,69.0,105.0,30.0,29.0,37.0,25.0,,,0.4958748844675779,0.2733521428223963,15.148998326540193,0.5318971167159294,0.285676829047774,105.87250632562782,105.87250632562782,-0.02964537627085656,0.03418884078416107,0.770297929455884,-0.02113202636606404,0.02704754271130061,5.268381882641705,-3.3172709750034244
50061.0,834.0,-83.0,1675.0,1668.0,427.0,517.0,185.0,3343.0,245.0,409.0,57.0,98.0,62.0,101.0,117.0,300.0,138.0,377.0,20.0,50.0,,2.0,2.0,10.0,88.0,266.0,3.0,14.0,21.0,71.0,500.0,1086.0,108.0,316.0,408.0,1732.0,1815.0,77.0,144.0,3.0,16.0,63.0,226.0,131.0,265.0,23.0,81.0,139.0,470.0,526.0,474.0,288.0,36.0,102.0,,266.0,88.0,91.0,1.0,263.0,96.0,359.0,77.0,19.0,120.0,58.0,85.0,814.0,42.0,171.0,3.0,197.0,359.0,44.0,600.0,216.0,816.0,30.0,120.0,82.0,38.0,141.0,21.0,74.0,136.0,18.0,67.0,27.0,277.0,19.0,63.0,171.0,399.0,1.0,21.0,29.0,499.0,33.0,8.0,213.0,8.0,38.0,80.0,53.0,3.0,24.0,81.0,46.0,9.0,3.0,7.0,3.0,1506.0,464.0,424.0,37.0,0.526,0.5857461024498887,0.8888888888888888,0.3417721518987341,0.1875,0.2839506172839506,0.3417721518987341,0.4604051565377532,0.5347222222222222,0.4943396226415094,0.4721825962910128,0.509375,0.4783236994219653,0.5307314074984635,0.582901554404145,0.5490654205607477,0.2253922967189729,0.0031645569620253,0.083793738489871,0.1295843520782396,0.1,0.0212201591511936,,0.0037593984962406,0.5090252707581228,0.8461538461538461,0.0833333333333333,0.7194388777555111,0.2948275862068965,0.7848605577689243,0.2131979695431472,0.7413333333333333,0.2741312741312741,0.3597560975609756,0.3278688524590163,0.223175965665236,0.2202380952380952,0.1724137931034483,0.6292134831460674,0.7658227848101266,0.7730061349693251,0.8148148148148148,0.6935483870967742,0.0437317784256559,96.16108347815664,0.5679012345679012,15.18268656716418,14.766187050359711,14.62268656716418,14.203836930455635,0.2917261055634807,0.5990220048899756,0.6882022471910112,0.4897959183673469,0.2139800285306704,0.39,0.4333333333333333,0.4957264957264957,0.2689015691868759,0.3660477453580902,0.3739837398373983,0.6159420289855072,0.035663338088445,0.4,0.4,0.95,0.1897289586305278,0.3308270676691729,0.3320754716981132,0.875,0.6125,0.5816326530612245,0.087719298245614,0.0125,,,0.0875,0.2142857142857142,0.6666666666666666,0.291907514450867,0.6138613861386139,0.0289017341040462,0.2,0.2052023121387283,0.2957746478873239,0.5171184022824536,0.3308270676691729,0.4952200857755538,0.5459703703703706,0.484941304347826,0.1390811831340465,0.1682464454976303,0.0247678018575851,0.1304849884526558,0.2713625866050808,9.265377532228362,25.0003164556962,0.2549253731343283,True,,1.0,1.0,,2755,1610612750,2016,2015-16,False,1.0,388.0,28.0,0.3559201141226819,16.463008748573603,103.40298507462687,108.81294964028777,4.0,17.0,32.0,16.0,10.0,8.0,19.0,,,0.5024825763037731,0.276198029319875,14.893697261748407,0.5390524830723974,0.2723600951397926,106.65867130622793,106.65867130622793,-0.030299980012760352,0.07972208480280685,1.569311486825196,-0.008321075573933912,0.0017711789914814924,2.154278334059839,-3.255686231601061
188499.0,3142.0,-207.0,6187.0,6224.0,1825.0,1622.0,681.0,12411.0,1150.0,1775.0,217.0,332.0,341.0,518.0,396.0,974.0,594.0,1486.0,89.0,234.0,6.0,18.0,23.0,75.0,258.0,797.0,19.0,53.0,71.0,236.0,2140.0,4235.0,347.0,1031.0,1345.0,6666.0,6873.0,303.0,544.0,25.0,71.0,164.0,845.0,590.0,1110.0,94.0,311.0,588.0,2050.0,2526.0,1754.0,882.0,159.0,322.0,9.0,788.0,258.0,326.0,9.0,1263.0,294.0,1557.0,206.0,88.0,673.0,196.0,394.0,3408.0,170.0,588.0,16.0,772.0,1223.0,150.0,2145.0,774.0,2919.0,102.0,536.0,359.0,177.0,497.0,110.0,326.0,457.0,60.0,171.0,64.0,954.0,76.0,288.0,591.0,1297.0,1.0,73.0,73.0,1714.0,165.0,41.0,729.0,9.0,177.0,287.0,191.0,18.0,78.0,294.0,166.0,22.0,5.0,23.0,13.0,5821.0,2017.0,1805.0,111.0,0.5901869158878504,0.6382011116725619,0.8472622478386167,0.3365664403491755,0.352112676056338,0.3022508038585209,0.3395303326810176,0.5053128689492326,0.5569852941176471,0.5315315315315315,0.5052221800227877,0.5536585365853659,0.5144264602392681,0.5511136968085106,0.5995732574679943,0.5774687854710556,0.195784276490695,0.008729388942774,0.0769775678866588,0.1256338028169014,0.0882956878850102,0.0114401076716016,0.017094017094017,0.0062735257214554,0.5209643605870021,0.8875739644970414,0.086021505376344,0.6779379157427938,0.2833734939759036,0.7408829174664108,0.2603369065849923,0.7009838369641602,0.2778592375366568,0.3596774193548387,0.308231173380035,0.2138009049773755,0.2549019607843137,0.2797202797202797,0.6085043988269795,0.6672794117647058,0.7698961937716263,0.7493261455525606,0.72,0.0425,94.81132525901994,0.564625850340136,15.023759495716826,15.35138174807198,14.366251818328754,14.60620179948586,0.3370679832890239,0.647887323943662,0.740979381443299,0.5852173913043478,0.1849601215343714,0.406570841889117,0.4459459459459459,0.494949494949495,0.2821876186859096,0.3997308209959623,0.404356705241661,0.6632996632996633,0.0444360045575389,0.3803418803418803,0.3869565217391304,0.9887640449438202,0.1513482719331561,0.3237139272271016,0.3257575757575757,0.7984496124031008,0.5398373983739837,0.6536144578313253,0.1705069124423963,0.0292682926829268,0.3333333333333333,1.0,0.0861788617886178,0.3584905660377358,0.9473684210526316,0.3645320197044335,0.6583011583011583,0.0527797325826882,0.3066666666666666,0.1660802251935257,0.3008474576271186,0.532852259779719,0.3274111675126903,0.5054957556147694,0.516256163021869,0.5108190375088465,0.1263915053947593,0.1519066472181704,0.0086538461538461,0.1267626762676267,0.3075307530753075,9.019244391971666,25.20853540252183,0.294973331178277,False,,7.0,5.0,2.0,2755,1610612750,2016,2015-16,False,,1378.0,86.0,0.32548423851120395,15.386699698072308,107.74203976078876,110.42737789203085,18.0,44.0,145.0,29.0,46.0,21.0,45.0,,,0.5024825763037731,0.276198029319875,14.893697261748407,0.5390524830723974,0.2723600951397926,106.65867130622793,106.65867130622793,0.002739603719014605,0.04928620919132892,0.4930024363239003,0.012061213736113241,0.005499142396864221,3.768706585802917,1.0833684545608264
15632.0,261.0,-40.0,517.0,516.0,141.0,145.0,47.0,1033.0,86.0,133.0,14.0,23.0,30.0,42.0,44.0,117.0,38.0,100.0,6.0,17.0,1.0,2.0,2.0,2.0,27.0,70.0,1.0,6.0,9.0,24.0,168.0,350.0,33.0,87.0,105.0,540.0,580.0,18.0,34.0,2.0,8.0,12.0,54.0,44.0,90.0,11.0,26.0,47.0,168.0,184.0,152.0,78.0,21.0,16.0,1.0,69.0,27.0,23.0,3.0,92.0,26.0,118.0,20.0,6.0,53.0,19.0,20.0,262.0,12.0,40.0,3.0,55.0,105.0,11.0,171.0,55.0,226.0,10.0,47.0,33.0,14.0,45.0,9.0,34.0,30.0,4.0,11.0,3.0,75.0,7.0,13.0,52.0,101.0,,7.0,3.0,130.0,13.0,3.0,49.0,2.0,18.0,33.0,23.0,1.0,9.0,33.0,14.0,1.0,,,1.0,486.0,166.0,140.0,12.0,0.5476190476190477,0.575,0.7878787878787878,0.3793103448275862,0.25,0.4230769230769231,0.3837209302325581,0.48,0.5294117647058824,0.4888888888888889,0.4977116704805492,0.5,0.521551724137931,0.5446247464503042,0.5520833333333334,0.583916083916084,0.1990846681922196,0.0344827586206896,0.0657142857142857,0.0827067669172932,0.0683760683760683,0.04,,0.0428571428571428,0.6,0.8461538461538461,0.1875,0.6687898089171974,0.2247191011235955,0.7971014492753623,0.2307692307692307,0.7079646017699115,0.2260869565217391,0.2340425531914893,0.2253521126760563,0.2166666666666666,0.2439024390243902,0.1818181818181818,0.5272727272727272,0.7115384615384616,0.78,0.8333333333333334,0.6666666666666666,0.048780487804878,95.15864892528148,0.4242424242424242,15.756286266924564,14.507751937984496,15.251450676982593,13.786821705426355,0.3043478260869565,0.6466165413533834,0.7049180327868853,0.6162790697674418,0.2677345537757437,0.376068376068376,0.4036697247706422,0.4318181818181818,0.2288329519450801,0.38,0.3958333333333333,0.5263157894736842,0.0389016018306636,0.3529411764705882,0.3529411764705882,1.0,0.160183066361556,0.3857142857142857,0.4029850746268656,0.7407407407407407,0.5476190476190477,0.6086956521739131,0.1428571428571428,0.0476190476190476,0.5,1.0,0.1428571428571428,0.1666666666666666,1.0,0.3620689655172414,0.7142857142857143,0.0172413793103448,1.0,0.2068965517241379,0.375,0.5034324942791762,0.391304347826087,0.4838719036697246,0.5478458333333331,0.4841267241379311,0.1073684210526315,0.1269430051813471,0.0224719101123595,0.1,0.3111111111111111,8.545428571428571,25.32413793103448,0.2727272727272727,True,,,,,2755,1610612759,2016,2015-16,False,,114.0,8.0,0.2974828375286041,14.585764294049007,104.44874274661508,112.40310077519379,4.0,7.0,17.0,3.0,1.0,,2.0,,,0.5024825763037731,0.276198029319875,14.893697261748407,0.5390524830723974,0.2723600951397926,106.65867130622793,106.65867130622793,-0.004770905823223925,0.021284808208729078,-0.3079329676994007,0.005572263377906839,-0.04627313861805349,5.744429468965862,-2.209928559612848
220828.0,3680.0,912.0,7180.0,7156.0,1742.0,1450.0,748.0,14336.0,1193.0,1834.0,228.0,332.0,286.0,412.0,643.0,1426.0,715.0,1669.0,162.0,426.0,13.0,33.0,35.0,95.0,375.0,1005.0,34.0,88.0,77.0,256.0,2551.0,4929.0,537.0,1431.0,1237.0,7950.0,7038.0,315.0,551.0,47.0,121.0,140.0,911.0,581.0,1085.0,112.0,351.0,458.0,1956.0,2804.0,2298.0,1470.0,141.0,308.0,13.0,992.0,375.0,285.0,6.0,1402.0,490.0,1892.0,337.0,153.0,686.0,259.0,457.0,4274.0,218.0,608.0,13.0,778.0,1849.0,180.0,2807.0,839.0,3646.0,107.0,630.0,398.0,232.0,547.0,126.0,375.0,449.0,50.0,172.0,67.0,996.0,87.0,221.0,629.0,1332.0,2.0,78.0,67.0,1542.0,160.0,38.0,636.0,14.0,183.0,438.0,281.0,29.0,128.0,452.0,282.0,12.0,2.0,20.0,23.0,7039.0,1924.0,1721.0,105.0,0.5495883967071736,0.5848977889027952,0.9124767225325884,0.3752620545073375,0.3884297520661157,0.3190883190883191,0.3787023977433004,0.5175491986204098,0.5716878402903811,0.535483870967742,0.5277515723270441,0.5736607142857143,0.5215877437325905,0.5634785083973811,0.606,0.57063305978898,0.225,0.0041928721174004,0.0578210590383444,0.1019629225736096,0.0589060308555399,0.0083882564409826,0.0046948356807511,0.0039800995024875,0.5491967871485943,0.9137055837563453,0.0890410958904109,0.7393042782886845,0.2586133560187154,0.7914547304170906,0.2567726737338044,0.7540183696900115,0.258125,0.3522012578616352,0.2642487046632124,0.1908801696712619,0.2619047619047619,0.2452107279693486,0.6738609112709832,0.7242693773824651,0.8147727272727273,0.806993006993007,0.75,0.0367066895368782,93.48379734453964,0.6238938053097345,15.86350974930362,14.94242593627725,15.161699164345404,14.30715483510341,0.2883647798742138,0.6504907306434023,0.72434729811779,0.5750209555741828,0.2242138364779874,0.4509116409537166,0.4791356184798808,0.4027993779160186,0.2624213836477987,0.4284002396644697,0.43202416918429,0.6391608391608392,0.0669811320754717,0.380281690140845,0.3820754716981132,0.9444444444444444,0.1580188679245283,0.373134328358209,0.3746253746253746,0.8986666666666666,0.494047619047619,0.6867469879518072,0.2017543859649122,0.0491071428571428,0.3939393939393939,0.9230769230769232,0.1309523809523809,0.3863636363636363,0.9117647058823528,0.2869080779944289,0.6941747572815534,0.0661559888579387,0.3684210526315789,0.1782729805013927,0.30078125,0.5133647798742138,0.3780241935483871,0.4931208819816982,0.5322231357552584,0.4870526001405481,0.0949875785474207,0.1176688251618871,0.0097357440890125,0.1145911949685534,0.2460377358490566,9.099878271454651,24.96030747728861,0.2426183844011142,False,,14.0,10.0,4.0,2755,1610612759,2016,2015-16,False,7.0,1483.0,111.0,0.24245283018867925,13.842023047802233,110.72423398328691,98.35103409726104,30.0,70.0,146.0,44.0,25.0,28.0,41.0,,,0.5024825763037731,0.276198029319875,14.893697261748407,0.5390524830723974,0.2723600951397926,106.65867130622793,106.65867130622793,0.02526899602327093,-0.03374519913119578,-1.0516742139461748,0.024426025324983724,-0.014235095139792597,-8.307637208966895,4.065562677058978
